1236
1236
1417
1417
1417
1417
1417
1479
1479
1479
1479
1479
1479
1379
1379
1379
1379
1379
1209
1209
1209
1209
1209
1008
1008
1008
1008
1008
1008
796
796
796
796
796
587
587
587
587
587
444
444
444
444
444
444
352
352
352
352
352
310
310
310
310
310
283
283
283
283
283
283
262
262
262
262
262
248
248
248
248
248
245
245
245
245
245
245
241
241
241
241
241
235
235
235
235
235
219
219
219
219
219
219
228
228
228
228
228
238
238
238
238
238
225
225
225
225
225
225
227
227
227
227
227
237
237
237
237
237
236
236
236
236
236
236
230
230
230
230
230
230
230
230
230
230
241
241
241
241
241
241
271
271
271
271
271
331
331
331
331
331
610
610
610
610
610
610
1305
1305
1305
1305
1305
2270
2270
2270
2270
2270
3469
3469
3469
3469
3469
3469
4095
4095
4095
4095
4095
4095
4095
4095
4095
4095
4095
4095
4095
4095
4095
4095
4095
4095
4095
4095
4095
4095
4095
4095
4095
4095
4095
4095
4095
4095
4095
4095
3618
3618
3618
3618
3618
2284
2284
2284
2284
2284
865
865
865
865
865
865
268
268
268
268
268
216
216
216
216
216
195
195
195
195
195
195
188
188
188
188
188
188
188
188
188
188
185
185
185
185
185
185
190
190
190
190
190
222
222
222
222
222
233
233
233
233
233
233
305
305
305
305
305
477
477
477
477
477
701
701
701
701
701
701
655
655
655
655
655
445
445
445
445
445
277
277
277
277
277
277
227
227
227
227
227
208
208
208
208
208
188
188
188
188
188
188
178
178
178
178
178
174
174
174
174
174
166
166
166
166
166
166
163
163
163
163
163
165
165
165
165
165
167
167
167
167
167
167
176
176
176
176
176
175
175
175
175
175
183
183
183
183
183
183
183
183
183
183
183
188
188
188
188
188
194
194
194
194
194
194
193
193
193
193
193
193
193
193
193
193
185
185
185
185
185
185
189
189
189
189
189
183
183
183
183
183
181
181
181
181
181
181
177
177
177
177
177
171
171
171
171
171
180
180
180
180
180
180
177
177
177
177
177
177
177
177
177
177
185
185
185
185
185
185
183
183
183
183
183
187
187
187
187
187
194
194
194
194
194
194
202
202
202
202
202
200
200
200
200
200
195
195
195
195
195
195
187
187
187
187
187
192
192
192
192
192
178
178
178
178
178
178
179
179
179
179
179
179
179
179
179
179
176
176
176
176
176
176
174
174
174
174
174
173
173
173
173
173
177
177
177
177
177
177
173
173
173
173
173
176
176
176
176
176
177
177
177
177
177
177
177
177
177
177
177
177
177
177
177
177
174
174
174
174
174
174
178
178
178
178
178
182
182
182
182
182
177
177
177
177
177
177
175
175
175
175
175
175
175
175
175
175
182
182
182
182
182
182
167
167
167
167
167
171
171
171
171
171
170
170
170
170
170
170
166
166
166
166
166
173
173
173
173
173
171
171
171
171
171
171
172
172
172
172
172
169
169
169
169
169
170
170
170
170
170
170
174
174
174
174
174
170
170
170
170
170
175
175
175
175
175
175
180
180
180
180
180
169
169
169
169
169
179
179
179
179
179
179
173
173
173
173
173
179
179
179
179
179
180
180
180
180
180
180
181
181
181
181
181
183
183
183
183
183
179
179
179
179
179
179
181
181
181
181
181
168
168
168
168
168
179
179
179
179
179
179
178
178
178
178
178
181
181
181
181
181
176
176
176
176
176
176
176
176
176
176
176
182
182
182
182
182
184
184
184
184
184
184
182
182
182
182
182
183
183
183
183
183
181
181
181
181
181
181
191
191
191
191
191
192
192
192
192
192
187
187
187
187
187
187
186
186
186
186
186
185
185
185
185
185
187
187
187
187
187
187
186
186
186
186
186
182
182
182
182
182
178
178
178
178
178
178
181
181
181
181
181
183
183
183
183
183
184
184
184
184
184
184
182
182
182
182
182
185
185
185
185
185
176
176
176
176
176
176
179
179
179
179
179
173
173
173
173
173
178
178
178
178
178
178
177
177
177
177
177
175
175
175
175
175
178
178
178
178
178
178
177
177
177
177
177
178
178
178
178
178
180
180
180
180
180
180
176
176
176
176
176
181
181
181
181
181
181
181
181
181
181
181
187
187
187
187
187
182
182
182
182
182
187
187
187
187
187
187
183
183
183
183
183
182
182
182
182
182
186
186
186
186
186
186
181
181
181
181
181
182
182
182
182
182
181
181
181
181
181
181
187
187
187
187
187
181
181
181
181
181
187
187
187
187
187
187
199
199
199
199
199
202
202
202
202
202
192
192
192
192
192
192
198
198
198
198
198
199
199
199
199
199
196
196
196
196
196
196
204
204
204
204
204
195
195
195
195
195
207
207
207
207
207
207
203
203
203
203
203
203
203
203
203
203
203
203
203
203
203
203
204
204
204
204
204
195
195
195
195
195
205
205
205
205
205
205
211
211
211
211
211
207
207
207
207
207
203
203
203
203
203
203
207
207
207
207
207
211
211
211
211
211
211
211
211
211
211
211
211
211
211
211
211
212
212
212
212
212
210
210
210
210
210
210
207
207
207
207
207
215
215
215
215
215
203
203
203
203
203
203
199
199
199
199
199
203
203
203
203
203
198
198
198
198
198
198
194
194
194
194
194
194
194
194
194
194
200
200
200
200
200
200
197
197
197
197
197
197
197
197
197
197
201
201
201
201
201
201
204
204
204
204
204
202
202
202
202
202
210
210
210
210
210
210
202
202
202
202
202
209
209
209
209
209
197
197
197
197
197
197
207
207
207
207
207
188
188
188
188
188
208
208
208
208
208
208
194
194
194
194
194
196
196
196
196
196
203
203
203
203
203
203
207
207
207
207
207
203
203
203
203
203
203
203
203
203
203
203
202
202
202
202
202
196
196
196
196
196
201
201
201
201
201
201
195
195
195
195
195
204
204
204
204
204
202
202
202
202
202
202
202
202
202
202
202
203
203
203
203
203
202
202
202
202
202
202
204
204
204
204
204
211
211
211
211
211
208
208
208
208
208
208
216
216
216
216
216
212
212
212
212
212
210
210
210
210
210
210
214
214
214
214
214
219
219
219
219
219
208
208
208
208
208
208
210
210
210
210
210
201
201
201
201
201
205
205
205
205
205
205
214
214
214
214
214
220
220
220
220
220
227
227
227
227
227
227
218
218
218
218
218
222
222
222
222
222
213
213
213
213
213
213
215
215
215
215
215
207
207
207
207
207
206
206
206
206
206
206
205
205
205
205
205
217
217
217
217
217
206
206
206
206
206
206
214
214
214
214
214
212
212
212
212
212
213
213
213
213
213
213
215
215
215
215
215
218
218
218
218
218
220
220
220
220
220
220
224
224
224
224
224
217
217
217
217
217
218
218
218
218
218
218
208
208
208
208
208
213
213
213
213
213
209
209
209
209
209
209
204
204
204
204
204
203
203
203
203
203
204
204
204
204
204
204
210
210
210
210
210
215
215
215
215
215
204
204
204
204
204
204
201
201
201
201
201
202
202
202
202
202
211
211
211
211
211
211
206
206
206
206
206
202
202
202
202
202
193
193
193
193
193
193
201
201
201
201
201
200
200
200
200
200
204
204
204
204
204
204
202
202
202
202
202
198
198
198
198
198
210
210
210
210
210
210
194
194
194
194
194
198
198
198
198
198
193
193
193
193
193
193
207
207
207
207
207
204
204
204
204
204
196
196
196
196
196
196
199
199
199
199
199
196
196
196
196
196
197
197
197
197
197
197
200
200
200
200
200
203
203
203
203
203
198
198
198
198
198
198
198
198
198
198
198
206
206
206
206
206
192
192
192
192
192
192
201
201
201
201
201
194
194
194
194
194
198
198
198
198
198
198
190
190
190
190
190
193
193
193
193
193
188
188
188
188
188
188
187
187
187
187
187
195
195
195
195
195
205
205
205
205
205
205
204
204
204
204
204
206
206
206
206
206
207
207
207
207
207
207
206
206
206
206
206
208
208
208
208
208
210
210
210
210
210
210
200
200
200
200
200
201
201
201
201
201
199
199
199
199
199
199
196
196
196
196
196
192
192
192
192
192
195
195
195
195
195
195
190
190
190
190
190
187
187
187
187
187
189
189
189
189
189
189
186
186
186
186
186
192
192
192
192
192
195
195
195
195
195
195
195
195
195
195
195
200
200
200
200
200
195
195
195
195
195
195
196
196
196
196
196
199
199
199
199
199
193
193
193
193
193
193
197
197
197
197
197
202
202
202
202
202
191
191
191
191
191
191
200
200
200
200
200
191
191
191
191
191
192
192
192
192
192
192
204
204
204
204
204
199
199
199
199
199
198
198
198
198
198
198
201
201
201
201
201
212
212
212
212
212
214
214
214
214
214
214
225
225
225
225
225
231
231
231
231
231
230
230
230
230
230
230
237
237
237
237
237
232
232
232
232
232
237
237
237
237
237
237
225
225
225
225
225
211
211
211
211
211
217
217
217
217
217
217
209
209
209
209
209
216
216
216
216
216
227
227
227
227
227
227
222
222
222
222
222
230
230
230
230
230
243
243
243
243
243
243
249
249
249
249
249
261
261
261
261
261
262
262
262
262
262
262
251
251
251
251
251
245
245
245
245
245
247
247
247
247
247
247
235
235
235
235
235
230
230
230
230
230
222
222
222
222
222
222
214
214
214
214
214
219
219
219
219
219
221
221
221
221
221
221
229
229
229
229
229
232
232
232
232
232
246
246
246
246
246
246
256
256
256
256
256
269
269
269
269
269
290
290
290
290
290
290
282
282
282
282
282
287
287
287
287
287
286
286
286
286
286
286
286
286
286
286
286
270
270
270
270
270
270
270
270
270
270
270
265
265
265
265
265
261
261
261
261
261
255
255
255
255
255
255
275
275
275
275
275
264
264
264
264
264
279
279
279
279
279
279
275
275
275
275
275
297
297
297
297
297
288
288
288
288
288
288
290
290
290
290
290
287
287
287
287
287
275
275
275
275
275
275
258
258
258
258
258
269
269
269
269
269
254
254
254
254
254
254
240
240
240
240
240
241
241
241
241
241
218
218
218
218
218
218
223
223
223
223
223
225
225
225
225
225
224
224
224
224
224
224
233
233
233
233
233
230
230
230
230
230
243
243
243
243
243
243
264
264
264
264
264
272
272
272
272
272
279
279
279
279
279
279
296
296
296
296
296
313
313
313
313
313
319
319
319
319
319
319
298
298
298
298
298
298
298
298
298
298
268
268
268
268
268
268
265
265
265
265
265
254
254
254
254
254
240
240
240
240
240
240
238
238
238
238
238
228
228
228
228
228
242
242
242
242
242
242
234
234
234
234
234
235
235
235
235
235
247
247
247
247
247
247
251
251
251
251
251
249
249
249
249
249
264
264
264
264
264
264
262
262
262
262
262
274
274
274
274
274
262
262
262
262
262
262
258
258
258
258
258
262
262
262
262
262
268
268
268
268
268
268
239
239
239
239
239
239
239
239
239
239
237
237
237
237
237
237
232
232
232
232
232
219
219
219
219
219
227
227
227
227
227
227
226
226
226
226
226
226
226
226
226
226
239
239
239
239
239
239
234
234
234
234
234
243
243
243
243
243
244
244
244
244
244
244
243
243
243
243
243
250
250
250
250
250
235
235
235
235
235
235
228
228
228
228
228
223
223
223
223
223
210
210
210
210
210
210
212
212
212
212
212
208
208
208
208
208
199
199
199
199
199
199
202
202
202
202
202
201
201
201
201
201
198
198
198
198
198
198
197
197
197
197
197
209
209
209
209
209
192
192
192
192
192
192
201
201
201
201
201
213
213
213
213
213
203
203
203
203
203
203
210
210
210
210
210
204
204
204
204
204
201
201
201
201
201
201
201
201
201
201
201
195
195
195
195
195
208
208
208
208
208
208
195
195
195
195
195
193
193
193
193
193
197
197
197
197
197
197
200
200
200
200
200
194
194
194
194
194
200
200
200
200
200
200
201
201
201
201
201
209
209
209
209
209
202
202
202
202
202
202
198
198
198
198
198
197
197
197
197
197
197
197
197
197
197
197
190
190
190
190
190
190
190
190
190
190
193
193
193
193
193
193
193
193
193
193
193
189
189
189
189
189
188
188
188
188
188
188
189
189
189
189
189
191
191
191
191
191
193
193
193
193
193
193
196
196
196
196
196
195
195
195
195
195
194
194
194
194
194
194
195
195
195
195
195
200
200
200
200
200
194
194
194
194
194
194
191
191
191
191
191
193
193
193
193
193
189
189
189
189
189
189
192
192
192
192
192
193
193
193
193
193
192
192
192
192
192
192
189
189
189
189
189
191
191
191
191
191
188
188
188
188
188
188
191
191
191
191
191
194
194
194
194
194
190
190
190
190
190
190
196
196
196
196
196
190
190
190
190
190
190
190
190
190
190
190
192
192
192
192
192
196
196
196
196
196
194
194
194
194
194
194
202
202
202
202
202
198
198
198
198
198
192
192
192
192
192
192
194
194
194
194
194
193
193
193
193
193
192
192
192
192
192
192
195
195
195
195
195
192
192
192
192
192
191
191
191
191
191
191
191
191
191
191
191
197
197
197
197
197
197
197
197
197
197
197
194
194
194
194
194
200
200
200
200
200
204
204
204
204
204
204
197
197
197
197
197
199
199
199
199
199
207
207
207
207
207
207
199
199
199
199
199
204
204
204
204
204
199
199
199
199
199
199
197
197
197
197
197
198
198
198
198
198
205
205
205
205
205
205
198
198
198
198
198
203
203
203
203
203
205
205
205
205
205
205
210
210
210
210
210
202
202
202
202
202
199
199
199
199
199
199
198
198
198
198
198
194
194
194
194
194
201
201
201
201
201
201
204
204
204
204
204
209
209
209
209
209
212
212
212
212
212
212
206
206
206
206
206
212
212
212
212
212
206
206
206
206
206
206
211
211
211
211
211
209
209
209
209
209
207
207
207
207
207
207
202
202
202
202
202
208
208
208
208
208
198
198
198
198
198
198
205
205
205
205
205
204
204
204
204
204
214
214
214
214
214
214
209
209
209
209
209
213
213
213
213
213
214
214
214
214
214
214
209
209
209
209
209
207
207
207
207
207
207
207
207
207
207
207
202
202
202
202
202
206
206
206
206
206
199
199
199
199
199
199
201
201
201
201
201
197
197
197
197
197
196
196
196
196
196
196
198
198
198
198
198
195
195
195
195
195
201
201
201
201
201
201
206
206
206
206
206
204
204
204
204
204
200
200
200
200
200
200
206
206
206
206
206
209
209
209
209
209
209
209
209
209
209
209
210
210
210
210
210
212
212
212
212
212
212
212
212
212
212
212
213
213
213
213
213
210
210
210
210
210
208
208
208
208
208
208
206
206
206
206
206
202
202
202
202
202
209
209
209
209
209
209
204
204
204
204
204
200
200
200
200
200
211
211
211
211
211
211
201
201
201
201
201
208
208
208
208
208
208
208
208
208
208
208
213
213
213
213
213
214
214
214
214
214
211
211
211
211
211
211
208
208
208
208
208
205
205
205
205
205
202
202
202
202
202
202
204
204
204
204
204
199
199
199
199
199
198
198
198
198
198
198
199
199
199
199
199
197
197
197
197
197
196
196
196
196
196
196
200
200
200
200
200
193
193
193
193
193
200
200
200
200
200
200
191
191
191
191
191
190
190
190
190
190
193
193
193
193
193
193
192
192
192
192
192
193
193
193
193
193
196
196
196
196
196
196
197
197
197
197
197
197
197
197
197
197
197
197
197
197
197
197
196
196
196
196
196
199
199
199
199
199
201
201
201
201
201
201
204
204
204
204
204
201
201
201
201
201
207
207
207
207
207
207
200
200
200
200
200
196
196
196
196
196
195
195
195
195
195
195
197
197
197
197
197
194
194
194
194
194
201
201
201
201
201
201
200
200
200
200
200
201
201
201
201
201
198
198
198
198
198
198
199
199
199
199
199
201
201
201
201
201
201
201
201
201
201
201
200
200
200
200
200
198
198
198
198
198
199
199
199
199
199
199
198
198
198
198
198
198
198
198
198
198
202
202
202
202
202
202
201
201
201
201
201
202
202
202
202
202
199
199
199
199
199
199
201
201
201
201
201
204
204
204
204
204
192
192
192
192
192
192
196
196
196
196
196
198
198
198
198
198
195
195
195
195
195
195
195
195
195
195
195
193
193
193
193
193
194
194
194
194
194
194
197
197
197
197
197
196
196
196
196
196
197
197
197
197
197
197
197
197
197
197
197
198
198
198
198
198
198
198
198
198
198
198
199
199
199
199
199
198
198
198
198
198
198
198
198
198
198
198
201
201
201
201
201
190
190
190
190
190
194
194
194
194
194
194
193
193
193
193
193
194
194
194
194
194
190
190
190
190
190
190
190
190
190
190
190
193
193
193
193
193
199
199
199
199
199
199
196
196
196
196
196
200
200
200
200
200
203
203
203
203
203
203
207
207
207
207
207
206
206
206
206
206
204
204
204
204
204
204
208
208
208
208
208
198
198
198
198
198
210
210
210
210
210
210
204
204
204
204
204
202
202
202
202
202
197
197
197
197
197
197
194
194
194
194
194
196
196
196
196
196
194
194
194
194
194
194
194
194
194
194
194
195
195
195
195
195
203
203
203
203
203
203
199
199
199
199
199
197
197
197
197
197
194
194
194
194
194
194
207
207
207
207
207
204
204
204
204
204
212
212
212
212
212
212
215
215
215
215
215
214
214
214
214
214
216
216
216
216
216
216
211
211
211
211
211
209
209
209
209
209
210
210
210
210
210
210
209
209
209
209
209
200
200
200
200
200
206
206
206
206
206
206
200
200
200
200
200
201
201
201
201
201
203
203
203
203
203
203
206
206
206
206
206
207
207
207
207
207
210
210
210
210
210
210
212
212
212
212
212
207
207
207
207
207
209
209
209
209
209
209
210
210
210
210
210
211
211
211
211
211
200
200
200
200
200
200
209
209
209
209
209
209
209
209
209
209
209
209
209
209
209
209
203
203
203
203
203
203
203
203
203
203
198
198
198
198
198
198
201
201
201
201
201
202
202
202
202
202
207
207
207
207
207
207
208
208
208
208
208
214
214
214
214
214
214
214
214
214
214
214
208
208
208
208
208
214
214
214
214
214
211
211
211
211
211
211
215
215
215
215
215
213
213
213
213
213
211
211
211
211
211
211
215
215
215
215
215
205
205
205
205
205
206
206
206
206
206
206
208
208
208
208
208
208
208
208
208
208
221
221
221
221
221
221
214
214
214
214
214
221
221
221
221
221
220
220
220
220
220
220
227
227
227
227
227
226
226
226
226
226
230
230
230
230
230
230
232
232
232
232
232
221
221
221
221
221
221
221
221
221
221
221
228
228
228
228
228
228
228
228
228
228
220
220
220
220
220
220
229
229
229
229
229
227
227
227
227
227
231
231
231
231
231
231
228
228
228
228
228
241
241
241
241
241
227
227
227
227
227
227
221
221
221
221
221
225
225
225
225
225
218
218
218
218
218
218
222
222
222
222
222
222
222
222
222
222
215
215
215
215
215
215
238
238
238
238
238
228
228
228
228
228
228
228
228
228
228
228
225
225
225
225
225
230
230
230
230
230
235
235
235
235
235
235
219
219
219
219
219
217
217
217
217
217
235
235
235
235
235
235
223
223
223
223
223
220
220
220
220
220
224
224
224
224
224
224
231
231
231
231
231
213
213
213
213
213
226
226
226
226
226
226
230
230
230
230
230
221
221
221
221
221
229
229
229
229
229
229
232
232
232
232
232
222
222
222
222
222
229
229
229
229
229
229
220
220
220
220
220
226
226
226
226
226
228
228
228
228
228
228
235
235
235
235
235
229
229
229
229
229
222
222
222
222
222
222
232
232
232
232
232
229
229
229
229
229
234
234
234
234
234
234
226
226
226
226
226
227
227
227
227
227
222
222
222
222
222
222
222
222
222
222
222
217
217
217
217
217
222
222
222
222
222
222
214
214
214
214
214
219
219
219
219
219
221
221
221
221
221
221
223
223
223
223
223
224
224
224
224
224
226
226
226
226
226
226
227
227
227
227
227
228
228
228
228
228
225
225
225
225
225
225
228
228
228
228
228
224
224
224
224
224
228
228
228
228
228
228
223
223
223
223
223
228
228
228
228
228
226
226
226
226
226
226
226
226
226
226
226
218
218
218
218
218
234
234
234
234
234
234
223
223
223
223
223
222
222
222
222
222
223
223
223
223
223
223
219
219
219
219
219
219
219
219
219
219
225
225
225
225
225
225
222
222
222
222
222
210
210
210
210
210
212
212
212
212
212
212
221
221
221
221
221
218
218
218
218
218
208
208
208
208
208
208
214
214
214
214
214
220
220
220
220
220
211
211
211
211
211
211
216
216
216
216
216
214
214
214
214
214
211
211
211
211
211
211
219
219
219
219
219
210
210
210
210
210
213
213
213
213
213
213
216
216
216
216
216
218
218
218
218
218
210
210
210
210
210
210
208
208
208
208
208
210
210
210
210
210
213
213
213
213
213
213
215
215
215
215
215
207
207
207
207
207
213
213
213
213
213
213
206
206
206
206
206
207
207
207
207
207
204
204
204
204
204
204
207
207
207
207
207
210
210
210
210
210
208
208
208
208
208
208
213
213
213
213
213
209
209
209
209
209
214
214
214
214
214
214
215
215
215
215
215
212
212
212
212
212
208
208
208
208
208
208
217
217
217
217
217
208
208
208
208
208
212
212
212
212
212
212
201
201
201
201
201
204
204
204
204
204
202
202
202
202
202
202
202
202
202
202
202
203
203
203
203
203
206
206
206
206
206
206
202
202
202
202
202
207
207
207
207
207
216
216
216
216
216
216
202
202
202
202
202
209
209
209
209
209
207
207
207
207
207
207
207
207
207
207
207
214
214
214
214
214
209
209
209
209
209
209
209
209
209
209
209
213
213
213
213
213
208
208
208
208
208
208
204
204
204
204
204
212
212
212
212
212
201
201
201
201
201
201
205
205
205
205
205
206
206
206
206
206
199
199
199
199
199
199
209
209
209
209
209
207
207
207
207
207
207
207
207
207
207
207
204
204
204
204
204
207
207
207
207
207
206
206
206
206
206
206
207
207
207
207
207
202
202
202
202
202
211
211
211
211
211
211
207
207
207
207
207
208
208
208
208
208
213
213
213
213
213
213
206
206
206
206
206
203
203
203
203
203
207
207
207
207
207
207
207
207
207
207
207
204
204
204
204
204
203
203
203
203
203
203
208
208
208
208
208
209
209
209
209
209
198
198
198
198
198
198
208
208
208
208
208
198
198
198
198
198
205
205
205
205
205
205
207
207
207
207
207
195
195
195
195
195
201
201
201
201
201
201
205
205
205
205
205
198
198
198
198
198
203
203
203
203
203
203
207
207
207
207
207
202
202
202
202
202