202
202
202
202
211
211
211
211
211
211
211
211
211
211
208
208
208
208
208
208
213
213
213
213
213
211
211
211
211
211
200
200
200
200
200
200
207
207
207
207
207
208
208
208
208
208
199
199
199
199
199
199
211
211
211
211
211
201
201
201
201
201
204
204
204
204
204
204
205
205
205
205
205
203
203
203
203
203
208
208
208
208
208
208
209
209
209
209
209
210
210
210
210
210
200
200
200
200
200
200
208
208
208
208
208
202
202
202
202
202
206
206
206
206
206
206
204
204
204
204
204
211
211
211
211
211
207
207
207
207
207
207
203
203
203
203
203
209
209
209
209
209
206
206
206
206
206
206
204
204
204
204
204
214
214
214
214
214
209
209
209
209
209
209
210
210
210
210
210
206
206
206
206
206
201
201
201
201
201
201
205
205
205
205
205
207
207
207
207
207
206
206
206
206
206
206
214
214
214
214
214
209
209
209
209
209
203
203
203
203
203
203
213
213
213
213
213
201
201
201
201
201
211
211
211
211
211
211
207
207
207
207
207
208
208
208
208
208
207
207
207
207
207
207
212
212
212
212
212
211
211
211
211
211
208
208
208
208
208
208
209
209
209
209
209
209
209
209
209
209
203
203
203
203
203
203
209
209
209
209
209
208
208
208
208
208
205
205
205
205
205
205
213
213
213
213
213
215
215
215
215
215
208
208
208
208
208
208
214
214
214
214
214
219
219
219
219
219
206
206
206
206
206
206
208
208
208
208
208
204
204
204
204
204
215
215
215
215
215
215
208
208
208
208
208
206
206
206
206
206
209
209
209
209
209
209
215
215
215
215
215
210
210
210
210
210
211
211
211
211
211
211
208
208
208
208
208
204
204
204
204
204
209
209
209
209
209
209
204
204
204
204
204
206
206
206
206
206
199
199
199
199
199
199
204
204
204
204
204
207
207
207
207
207
214
214
214
214
214
214
206
206
206
206
206
204
204
204
204
204
213
213
213
213
213
213
207
207
207
207
207
204
204
204
204
204
211
211
211
211
211
211
206
206
206
206
206
209
209
209
209
209
203
203
203
203
203
203
203
203
203
203
203
205
205
205
205
205
205
205
205
205
205
205
208
208
208
208
208
200
200
200
200
200
214
214
214
214
214
214
207
207
207
207
207
201
201
201
201
201
204
204
204
204
204
204
208
208
208
208
208
204
204
204
204
204
205
205
205
205
205
205
209
209
209
209
209
212
212
212
212
212
205
205
205
205
205
205
204
204
204
204
204
206
206
206
206
206
211
211
211
211
211
211
210
210
210
210
210
207
207
207
207
207
209
209
209
209
209
209
209
209
209
209
209
220
220
220
220
220
206
206
206
206
206
206
212
212
212
212
212
206
206
206
206
206
213
213
213
213
213
213
208
208
208
208
208
202
202
202
202
202
199
199
199
199
199
199
207
207
207
207
207
201
201
201
201
201
206
206
206
206
206
206
200
200
200
200
200
211
211
211
211
211
200
200
200
200
200
200
208
208
208
208
208
205
205
205
205
205
205
205
205
205
205
205
209
209
209
209
209
211
211
211
211
211
213
213
213
213
213
213
207
207
207
207
207
206
206
206
206
206
206
206
206
206
206
206
212
212
212
212
212
205
205
205
205
205
212
212
212
212
212
212
206
206
206
206
206
205
205
205
205
205
210
210
210
210
210
210
201
201
201
201
201
198
198
198
198
198
205
205
205
205
205
205
207
207
207
207
207
216
216
216
216
216
212
212
212
212
212
212
217
217
217
217
217
210
210
210
210
210
200
200
200
200
200
200
212
212
212
212
212
210
210
210
210
210
208
208
208
208
208
208
205
205
205
205
205
206
206
206
206
206
207
207
207
207
207
207
208
208
208
208
208
202
202
202
202
202
205
205
205
205
205
205
210
210
210
210
210
212
212
212
212
212
209
209
209
209
209
209
206
206
206
206
206
206
206
206
206
206
209
209
209
209
209
209
213
213
213
213
213
204
204
204
204
204
203
203
203
203
203
203
203
203
203
203
203
209
209
209
209
209
198
198
198
198
198
198
202
202
202
202
202
207
207
207
207
207
199
199
199
199
199
199
201
201
201
201
201
195
195
195
195
195
201
201
201
201
201
201
213
213
213
213
213
199
199
199
199
199
201
201
201
201
201
201
202
202
202
202
202
206
206
206
206
206
205
205
205
205
205
205
209
209
209
209
209
203
203
203
203
203
201
201
201
201
201
201
213
213
213
213
213
204
204
204
204
204
200
200
200
200
200
200
199
199
199
199
199
207
207
207
207
207
201
201
201
201
201
201
201
201
201
201
201
208
208
208
208
208
212
212
212
212
212
212
203
203
203
203
203
205
205
205
205
205
214
214
214
214
214
214
207
207
207
207
207
215
215
215
215
215
208
208
208
208
208
208
202
202
202
202
202
203
203
203
203
203
202
202
202
202
202
202
206
206
206
206
206
210
210
210
210
210
204
204
204
204
204
204
200
200
200
200
200
208
208
208
208
208
208
208
208
208
208
208
205
205
205
205
205
211
211
211
211
211
206
206
206
206
206
206
204
204
204
204
204
206
206
206
206
206
203
203
203
203
203
203
208
208
208
208
208
202
202
202
202
202
199
199
199
199
199
199
199
199
199
199
199
199
199
199
199
199
198
198
198
198
198
198
204
204
204
204
204
199
199
199
199
199
206
206
206
206
206
206
199
199
199
199
199
200
200
200
200
200
197
197
197
197
197
197
197
197
197
197
197
208
208
208
208
208
203
203
203
203
203
203
199
199
199
199
199
195
195
195
195
195
200
200
200
200
200
200
196
196
196
196
196
198
198
198
198
198
199
199
199
199
199
199
191
191
191
191
191
196
196
196
196
196
198
198
198
198
198
198
196
196
196
196
196
195
195
195
195
195
200
200
200
200
200
200
198
198
198
198
198
198
198
198
198
198
200
200
200
200
200
200
197
197
197
197
197
197
197
197
197
197
192
192
192
192
192
192
195
195
195
195
195
201
201
201
201
201
192
192
192
192
192
192
200
200
200
200
200
194
194
194
194
194
200
200
200
200
200
200
201
201
201
201
201
198
198
198
198
198
198
198
198
198
198
198
200
200
200
200
200
197
197
197
197
197
200
200
200
200
200
200
196
196
196
196
196
195
195
195
195
195
197
197
197
197
197
197
195
195
195
195
195
194
194
194
194
194
194
194
194
194
194
194
191
191
191
191
191
201
201
201
201
201
192
192
192
192
192
192
187
187
187
187
187
195
195
195
195
195
192
192
192
192
192
192
195
195
195
195
195
188
188
188
188
188
195
195
195
195
195
195
192
192
192
192
192
191
191
191
191
191
192
192
192
192
192
192
196
196
196
196
196
192
192
192
192
192
193
193
193
193
193
193
192
192
192
192
192
193
193
193
193
193
191
191
191
191
191
191
190
190
190
190
190
193
193
193
193
193
195
195
195
195
195
195
190
190
190
190
190
191
191
191
191
191
194
194
194
194
194
194
191
191
191
191
191
188
188
188
188
188
189
189
189
189
189
189
186
186
186
186
186
187
187
187
187
187
187
187
187
187
187
187
187
187
187
187
187
183
183
183
183
183
190
190
190
190
190
190
189
189
189
189
189
186
186
186
186
186
190
190
190
190
190
190
186
186
186
186
186
188
188
188
188
188
185
185
185
185
185
185
181
181
181
181
181
189
189
189
189
189
185
185
185
185
185
185
182
182
182
182
182
183
183
183
183
183
185
185
185
185
185
185
190
190
190
190
190
184
184
184
184
184
182
182
182
182
182
182
186
186
186
186
186
180
180
180
180
180
185
185
185
185
185
185
181
181
181
181
181
182
182
182
182
182
177
177
177
177
177
177
179
179
179
179
179
182
182
182
182
182
180
180
180
180
180
180
178
178
178
178
178
176
176
176
176
176
175
175
175
175
175
175
178
178
178
178
178
176
176
176
176
176
179
179
179
179
179
179
182
182
182
182
182
179
179
179
179
179
178
178
178
178
178
178
176
176
176
176
176
178
178
178
178
178
178
178
178
178
178
178
177
177
177
177
177
179
179
179
179
179
176
176
176
176
176
176
177
177
177
177
177
182
182
182
182
182
181
181
181
181
181
181
178
178
178
178
178
182
182
182
182
182
178
178
178
178
178
178
176
176
176
176
176
174
174
174
174
174
176
176
176
176
176
176
176
176
176
176
176
171
171
171
171
171
178
178
178
178
178
178
181
181
181
181
181
183
183
183
183
183
190
190
190
190
190
190
209
209
209
209
209
221
221
221
221
221
273
273
273
273
273
273
335
335
335
335
335
467
467
467
467
467
503
503
503
503
503
503
412
412
412
412
412
328
328
328
328
328
254
254
254
254
254
254
233
233
233
233
233
207
207
207
207
207
199
199
199
199
199
199
197
197
197
197
197
195
195
195
195
195
194
194
194
194
194
194
202
202
202
202
202
206
206
206
206
206
220
220
220
220
220
220
223
223
223
223
223
218
218
218
218
218
221
221
221
221
221
221
220
220
220
220
220
216
216
216
216
216
212
212
212
212
212
212
208
208
208
208
208
207
207
207
207
207
208
208
208
208
208
208
215
215
215
215
215
219
219
219
219
219
227
227
227
227
227
227
235
235
235
235
235
251
251
251
251
251
247
247
247
247
247
247
243
243
243
243
243
236
236
236
236
236
216
216
216
216
216
216
211
211
211
211
211
201
201
201
201
201
204
204
204
204
204
204
204
204
204
204
204
202
202
202
202
202
216
216
216
216
216
216
234
234
234
234
234
280
280
280
280
280
417
417
417
417
417
417
835
835
835
835
835
1378
1378
1378
1378
1378
1765
1765
1765
1765
1765
1765
1951
1951
1951
1951
1951
2003
2003
2003
2003
2003
1924
1924
1924
1924
1924
1924
1785
1785
1785
1785
1785
1646
1646
1646
1646
1646
1651
1651
1651
1651
1651
1651
1799
1799
1799
1799
1799
2152
2152
2152
2152
2152
2690
2690
2690
2690
2690
2690
3290
3290
3290
3290
3290
3875
3875
3875
3875
3875
4095
4095
4095
4095
4095
4095
4095
4095
4095
4095
4095
4095
4095
4095
4095
4095
4095
4095
4095
4095
4095
4095
3877
3877
3877
3877
3877
3164
3164
3164
3164
3164
2370
2370
2370
2370
2370
2370
1546
1546
1546
1546
1546
975
975
975
975
975
597
597
597
597
597
597
474
474
474
474
474
534
534
534
534
534
767
767
767
767
767
767
1158
1158
1158
1158
1158
1650
1650
1650
1650
1650
2178
2178
2178
2178
2178
2178
2542
2542
2542
2542
2542
2743
2743
2743
2743
2743
2627
2627
2627
2627
2627
2627
2249
2249
2249
2249
2249
1634
1634
1634
1634
1634
889
889
889
889
889
889
357
357
357
357
357
248
248
248
248
248
216
216
216
216
216
216
210
210
210
210
210
202
202
202
202
202
195
195
195
195
195
195
198
198
198
198
198
192
192
192
192
192
198
198
198
198
198
198
201
201
201
201
201
204
204
204
204
204
207
207
207
207
207
207
215
215
215
215
215
220
220
220
220
220
232
232
232
232
232
232
231
231
231
231
231
247
247
247
247
247
251
251
251
251
251
251
252
252
252
252
252
243
243
243
243
243
236
236
236
236
236
236
225
225
225
225
225
205
205
205
205
205
208
208
208
208
208
208
197
197
197
197
197
198
198
198
198
198
200
200
200
200
200
200
198
198
198
198
198
208
208
208
208
208
209
209
209
209
209
209
211
211
211
211
211
219
219
219
219
219
220
220
220
220
220
220
238
238
238
238
238
240
240
240
240
240
248
248
248
248
248
248
247
247
247
247
247
261
261
261
261
261
254
254
254
254
254
254
278
278
278
278
278
278
278
278
278
278
268
268
268
268
268
268
267
267
267
267
267
260
260
260
260
260
227
227
227
227
227
227
230
230
230
230
230
213
213
213
213
213
207
207
207
207
207
207
206
206
206
206
206
193
193
193
193
193
197
197
197
197
197
197
194
194
194
194
194
189
189
189
189
189
185
185
185
185
185
185
192
192
192
192
192
183
183
183
183
183
186
186
186
186
186
186
183
183
183
183
183
183
183
183
183
183
188
188
188
188
188
188
187
187
187
187
187
189
189
189
189
189
189
189
189
189
189
189
184
184
184
184
184
187
187
187
187
187
184
184
184
184
184
184
181
181
181
181
181
179
179
179
179
179
179
179
179
179
179
179
177
177
177
177
177
174
174
174
174
174
176
176
176
176
176
176
177
177
177
177
177
180
180
180
180
180
182
182
182
182
182
182
183
183
183
183
183
194
194
194
194
194
195
195
195
195
195
195
191
191
191
191
191
194
194
194
194
194
188
188
188
188
188
188
187
187
187
187
187
189
189
189
189
189
182
182
182
182
182
182
176
176
176
176
176
174
174
174
174
174
177
177
177
177
177
177
182
182
182
182
182
172
172
172
172
172
174
174
174
174
174
174
170
170
170
170
170
168
168
168
168
168
176
176
176
176
176
176
184
184
184
184
184
186
186
186
186
186
183
183
183
183
183
183
198
198
198
198
198
200
200
200
200
200
204
204
204
204
204
204
207
207
207
207
207
205
205
205
205
205
194
194
194
194
194
194
198
198
198
198
198
187
187
187
187
187
185
185
185
185
185
185
180
180
180
180
180
181
181
181
181
181
178
178
178
178
178
178
175
175
175
175
175
172
172
172
172
172
178
178
178
178
178
178
177
177
177
177
177
176
176
176
176
176
178
178
178
178
178
178
181
181
181
181
181
186
186
186
186
186
184
184
184
184
184
184
190
190
190
190
190
187
187
187
187
187
188
188
188
188
188
188
192
192
192
192
192
185
185
185
185
185
184
184
184
184
184
184
182
182
182
182
182
181
181
181
181
181
184
184
184
184
184
184
179
179
179
179
179
179
179
179
179
179
181
181
181
181
181
181
182
182
182
182
182
177
177
177
177
177
175
175
175
175
175
175
175
175
175
175
175
183
183
183
183
183
182
182
182
182
182
182
180
180
180
180
180
184
184
184
184
184
175
175
175
175
175
175
183
183
183
183
183
179
179
179
179
179
185
185
185
185
185
185
186
186
186
186
186
186
186
186
186
186
189
189
189
189
189
189
194
194
194
194
194
185
185
185
185
185
183
183
183
183
183
183
185
185
185
185
185
183
183
183
183
183
187
187
187
187
187
187
184
184
184
184
184
188
188
188
188
188
183
183
183
183
183
183
185
185
185
185
185
187
187
187
187
187
188
188
188
188
188
188
189
189
189
189
189
195
195
195
195
195
193
193
193
193
193
193
201
201
201
201
201
200
200
200
200
200
210
210
210
210
210
210
202
202
202
202
202
200
200
200
200
200
201
201
201
201
201
201
197
197
197
197
197
199
199
199
199
199
199
199
199
199
199
199
198
198
198
198
198
191
191
191
191
191
189
189
189
189
189
189
192
192
192
192
192
194
194
194
194
194
189
189
189
189
189
189
189
189
189
189
189
189
189
189
189
189
200
200
200
200
200
200
197
197
197
197
197
198
198
198
198
198
199
199
199
199
199
199
204
204
204
204
204
208
208
208
208
208
211
211
211
211
211
211
213
213
213
213
213
212
212
212
212
212
217
217
217
217
217
217
214
214
214
214
214
207
207
207
207
207
203
203
203
203
203
203
200
200
200
200
200
199
199
199
199
199
194
194
194
194
194
194
198
198
198
198
198
192
192
192
192
192
197
197
197
197
197
197
206
206
206
206
206
204
204
204
204
204
210
210
210
210
210
210
214
214
214
214
214
214
214
214
214
214
225
225
225
225
225
225
214
214
214
214
214
212
212
212
212
212
216
216
216
216
216
216
218
218
218
218
218
212
212
212
212
212
214
214
214
214
214
214
203
203
203
203
203
213
213
213
213
213
212
212
212
212
212
212
221
221
221
221
221
223
223
223
223
223
230
230
230
230
230
230
237
237
237
237
237
240
240
240
240
240
232
232
232
232
232
232
228
228
228
228
228
234
234
234
234
234
215
215
215
215
215
215
218
218
218
218
218
214
214
214
214
214
212
212
212
212
212
212
209
209
209
209
209
214
214
214
214
214
212
212
212
212
212
212
211
211
211
211
211
214
214
214
214
214
217
217
217
217
217
217
219
219
219
219
219
218
218
218
218
218
210
210
210
210
210
210
215
215
215
215
215
222
222
222
222
222
217
217
217
217
217
217
228
228
228
228
228
220
220
220
220
220
231
231
231
231
231
231
222
222
222
222
222
227
227
227
227
227
214
214
214
214
214
214
210
210
210
210
210
212
212
212
212
212
199
199
199
199
199
199
199
199
199
199
199
202
202
202
202
202
194
194
194
194
194
194
197
197
197
197
197
189
189
189
189
189
197
197
197
197
197
197
204
204
204
204
204
203
203
203
203
203
201
201
201
201
201
201
206
206
206
206
206
203
203
203
203
203
199
199
199
199
199
199
184
184
184
184
184
191
191
191
191
191
188
188
188
188
188
188
195
195
195
195
195
193
193
193
193
193
194
194
194
194
194
194
208
208
208
208
208
205
205
205
205
205
208
208
208
208
208
208
200
200
200
200
200
204
204
204
204
204
195
195
195
195
195
195
200
200
200
200
200
191
191
191
191
191
193
193
193
193
193
193
194
194
194
194
194
196
196
196
196
196
192
192
192
192
192
192
196
196
196
196
196
192
192
192
192
192
194
194
194
194
194
194
193
193
193
193
193
191
191
191
191
191
202
202
202
202
202
202
198
198
198
198
198
199
199
199
199
199
202
202
202
202
202
202
196
196
196
196
196
199
199
199
199
199
195
195
195
195
195
195
196
196
196
196
196
199
199
199
199
199
196
196
196
196
196
196
194
194
194
194
194
194
194
194
194
194
200
200
200
200
200
200
198
198
198
198
198
194
194
194
194
194
199
199
199
199
199
199
189
189
189
189
189
188
188
188
188
188
196
196
196
196
196
196
184
184
184
184
184
194
194
194
194
194
196
196
196
196
196
196
193
193
193
193
193
197
197
197
197
197
195
195
195
195
195
195
190
190
190
190
190
198
198
198
198
198
198
198
198
198
198
198
200
200
200
200
200
203
203
203
203
203
193
193
193
193
193
193
196
196
196
196
196
190
190
190
190
190
193
193
193
193
193
193
197
197
197
197
197
195
195
195
195
195
190
190
190
190
190
190
197
197
197
197
197
185
185
185
185
185
197
197
197
197
197
197
204
204
204
204
204
192
192
192
192
192
197
197
197
197
197
197
199
199
199
199
199
196
196
196
196
196
198
198
198
198
198
198
200
200
200
200
200
186
186
186
186
186
197
197
197
197
197
197
195
195
195
195
195
198
198
198
198
198
204
204
204
204
204
204
199
199
199
199
199
210
210
210
210
210
201
201
201
201
201
201
195
195
195
195
195
203
203
203
203
203
201
201
201
201
201
201
203
203
203
203
203
202
202
202
202
202
201
201
201
201
201
201
214
214
214
214
214
208
208
208
208
208
206
206
206
206
206
206
212
212
212
212
212
217
217
217
217
217
216
216
216
216
216
216
218
218
218
218
218
217
217
217
217
217
229
229
229
229
229
229
220
220
220
220
220
215
215
215
215
215
223
223
223
223
223
223
223
223
223
223
223
232
232
232
232
232
227
227
227
227
227
227
236
236
236
236
236
228
228
228
228
228
233
233
233
233
233
233
237
237
237
237
237
241
241
241
241
241
241
241
241
241
241
241
234
234
234
234
234
232
232
232
232
232
231
231
231
231
231
231
237
237
237
237
237
216
216
216
216
216
229
229
229
229
229
229
227
227
227
227
227
226
226
226
226
226
233
233
233
233
233
233
231
231
231
231
231
235
235
235
235
235
227
227
227
227
227
227
226
226
226
226
226
228
228
228
228
228
231
231
231
231
231
231
228
228
228
228
228
219
219
219
219
219
218
218
218
218
218
218
228
228
228
228
228
224
224
224
224
224
228
228
228
228
228
228
231
231
231
231
231
227
227
227
227
227
231
231
231
231
231
231
223
223
223
223
223
220
220
220
220
220
222
222
222
222
222
222
209
209
209
209
209
226
226
226
226
226
219
219
219
219
219
219
226
226
226
226
226
231
231
231
231
231
233
233
233
233
233
233
244
244
244
244
244
254
254
254
254
254
276
276
276
276
276
276
282
282
282
282
282
266
266
266
266
266
257
257
257
257
257
257
247
247
247
247
247
244
244
244
244
244
229
229
229
229
229
229
226
226
226
226
226
219
219
219
219
219
220
220
220
220
220
220
228
228
228
228
228
239
239
239
239
239
248
248
248
248
248
248
258
258
258
258
258
270
270
270
270
270
290
290
290
290
290
290
285
285
285
285
285
274
274
274
274
274
256
256
256
256
256
256
245
245
245
245
245
233
233
233
233
233
234
234
234
234
234
234
236
236
236
236
236
233
233
233
233
233
222
222
222
222
222
222
231
231
231
231
231
225
225
225
225
225
238
238
238
238
238
238
231
231
231
231
231
227
227
227
227
227
235
235
235
235
235
235
233
233
233
233
233
242
242
242
242
242
224
224
224
224
224
224
234
234
234
234
234
221
221
221
221
221
221
221
221
221
221
221
226
226
226
226
226
225
225
225
225
225
222
222
222
222
222
222
230
230
230
230
230
226
226
226
226
226
220
220
220
220
220
220
215
215
215
215
215
221
221
221
221
221
217
217
217
217
217
217
208
208
208
208
208
213
213
213
213
213
209
209
209
209
209
209
209
209
209
209
209
209
209
209
209
209
216
216
216
216
216
216
211
211
211
211
211
236
236
236
236
236
224
224
224
224
224
224
240
240
240
240
240
242
242
242
242
242
238
238
238
238
238
238
227
227
227
227
227
231
231
231
231
231
215
215
215
215
215
215
217
217
217
217
217
204
204
204
204
204
201
201
201
201
201
201
206
206
206
206
206
202
202
202
202
202
204
204
204
204
204
204
212
212
212
212
212
213
213
213
213
213
217
217
217
217
217
217
219
219
219
219
219
211
211
211
211
211
221
221
221
221
221
221
218
218
218
218
218
212
212
212
212
212
213
213
213
213
213
213
212
212
212
212
212
206
206
206
206
206
202
202
202
202
202
202
194
194
194
194
194
198
198
198
198
198
203
203
203
203
203
203
198
198
198
198
198
204
204
204
204
204
199
199
199
199
199
199
202
202
202
202
202
194
194
194
194
194
195
195
195
195
195
195
196
196
196
196
196
198
198
198
198
198
192
192
192
192
192
192
205
205
205
205
205
195
195
195
195
195
204
204
204
204
204
204
196
196
196
196
196
196
196
196
196
196
201
201
201
201
201
201
195
195
195
195
195
192
192
192
192
192
192
192
192
192
192
192
192
192
192
192
192
189
189
189
189
189
190
190
190
190
190
190
193
193
193
193
193
194
194
194
194
194
188
188
188
188
188
188
193
193
193
193
193
189
189
189
189
189
204
204
204
204
204
204
192
192
192