211
211
207
207
207
207
207
207
214
214
214
214
214
210
210
210
210
210
201
201
201
201
201
201
209
209
209
209
209
208
208
208
208
208
213
213
213
213
213
213
206
206
206
206
206
215
215
215
215
215
213
213
213
213
213
213
199
199
199
199
199
202
202
202
202
202
197
197
197
197
197
197
205
205
205
205
205
216
216
216
216
216
206
206
206
206
206
206
210
210
210
210
210
205
205
205
205
205
214
214
214
214
214
214
199
199
199
199
199
209
209
209
209
209
210
210
210
210
210
210
206
206
206
206
206
210
210
210
210
210
211
211
211
211
211
211
203
203
203
203
203
212
212
212
212
212
210
210
210
210
210
210
204
204
204
204
204
206
206
206
206
206
216
216
216
216
216
216
212
212
212
212
212
204
204
204
204
204
201
201
201
201
201
201
214
214
214
214
214
210
210
210
210
210
212
212
212
212
212
212
215
215
215
215
215
208
208
208
208
208
210
210
210
210
210
210
206
206
206
206
206
215
215
215
215
215
211
211
211
211
211
211
210
210
210
210
210
212
212
212
212
212
213
213
213
213
213
213
211
211
211
211
211
212
212
212
212
212
208
208
208
208
208
208
208
208
208
208
208
203
203
203
203
203
208
208
208
208
208
208
189
189
189
189
189
212
212
212
212
212
205
205
205
205
205
205
214
214
214
214
214
209
209
209
209
209
208
208
208
208
208
208
211
211
211
211
211
214
214
214
214
214
203
203
203
203
203
203
205
205
205
205
205
213
213
213
213
213
204
204
204
204
204
204
209
209
209
209
209
208
208
208
208
208
205
205
205
205
205
205
212
212
212
212
212
206
206
206
206
206
207
207
207
207
207
207
210
210
210
210
210
212
212
212
212
212
204
204
204
204
204
204
220
220
220
220
220
216
216
216
216
216
209
209
209
209
209
209
212
212
212
212
212
204
204
204
204
204
204
204
204
204
204
204
209
209
209
209
209
209
209
209
209
209
206
206
206
206
206
206
200
200
200
200
200
207
207
207
207
207
210
210
210
210
210
210
204
204
204
204
204
205
205
205
205
205
212
212
212
212
212
212
209
209
209
209
209
208
208
208
208
208
204
204
204
204
204
204
209
209
209
209
209
202
202
202
202
202
211
211
211
211
211
211
201
201
201
201
201
207
207
207
207
207
210
210
210
210
210
210
212
212
212
212
212
211
211
211
211
211
205
205
205
205
205
205
214
214
214
214
214
204
204
204
204
204
204
204
204
204
204
204
205
205
205
205
205
211
211
211
211
211
210
210
210
210
210
210
217
217
217
217
217
208
208
208
208
208
214
214
214
214
214
214
208
208
208
208
208
206
206
206
206
206
194
194
194
194
194
194
203
203
203
203
203
201
201
201
201
201
206
206
206
206
206
206
213
213
213
213
213
208
208
208
208
208
214
214
214
214
214
214
212
212
212
212
212
208
208
208
208
208
207
207
207
207
207
207
203
203
203
203
203
210
210
210
210
210
220
220
220
220
220
220
210
210
210
210
210
200
200
200
200
200
211
211
211
211
211
211
205
205
205
205
205
203
203
203
203
203
209
209
209
209
209
209
204
204
204
204
204
218
218
218
218
218
204
204
204
204
204
204
200
200
200
200
200
215
215
215
215
215
214
214
214
214
214
214
203
203
203
203
203
205
205
205
205
205
202
202
202
202
202
202
209
209
209
209
209
204
204
204
204
204
203
203
203
203
203
203
205
205
205
205
205
207
207
207
207
207
206
206
206
206
206
206
207
207
207
207
207
208
208
208
208
208
207
207
207
207
207
207
206
206
206
206
206
211
211
211
211
211
196
196
196
196
196
196
208
208
208
208
208
210
210
210
210
210
202
202
202
202
202
202
207
207
207
207
207
207
207
207
207
207
205
205
205
205
205
205
207
207
207
207
207
209
209
209
209
209
207
207
207
207
207
207
205
205
205
205
205
208
208
208
208
208
209
209
209
209
209
209
207
207
207
207
207
204
204
204
204
204
206
206
206
206
206
206
204
204
204
204
204
207
207
207
207
207
212
212
212
212
212
212
209
209
209
209
209
205
205
205
205
205
203
203
203
203
203
203
212
212
212
212
212
207
207
207
207
207
207
207
207
207
207
207
205
205
205
205
205
213
213
213
213
213
203
203
203
203
203
203
204
204
204
204
204
200
200
200
200
200
208
208
208
208
208
208
200
200
200
200
200
212
212
212
212
212
205
205
205
205
205
205
209
209
209
209
209
202
202
202
202
202
207
207
207
207
207
207
204
204
204
204
204
216
216
216
216
216
209
209
209
209
209
209
208
208
208
208
208
205
205
205
205
205
202
202
202
202
202
202
208
208
208
208
208
213
213
213
213
213
217
217
217
217
217
217
203
203
203
203
203
201
201
201
201
201
203
203
203
203
203
203
202
202
202
202
202
211
211
211
211
211
199
199
199
199
199
199
206
206
206
206
206
209
209
209
209
209
204
204
204
204
204
204
201
201
201
201
201
202
202
202
202
202
206
206
206
206
206
206
202
202
202
202
202
205
205
205
205
205
199
199
199
199
199
199
204
204
204
204
204
199
199
199
199
199
201
201
201
201
201
201
203
203
203
203
203
206
206
206
206
206
204
204
204
204
204
204
204
204
204
204
204
197
197
197
197
197
206
206
206
206
206
206
205
205
205
205
205
200
200
200
200
200
204
204
204
204
204
204
206
206
206
206
206
202
202
202
202
202
210
210
210
210
210
210
206
206
206
206
206
203
203
203
203
203
199
199
199
199
199
199
207
207
207
207
207
200
200
200
200
200
202
202
202
202
202
202
203
203
203
203
203
206
206
206
206
206
201
201
201
201
201
201
202
202
202
202
202
202
202
202
202
202
204
204
204
204
204
204
204
204
204
204
204
197
197
197
197
197
206
206
206
206
206
206
197
197
197
197
197
202
202
202
202
202
200
200
200
200
200
200
210
210
210
210
210
199
199
199
199
199
192
192
192
192
192
192
208
208
208
208
208
211
211
211
211
211
198
198
198
198
198
198
207
207
207
207
207
208
208
208
208
208
211
211
211
211
211
211
199
199
199
199
199
205
205
205
205
205
200
200
200
200
200
200
200
200
200
200
200
200
200
200
200
200
195
195
195
195
195
195
193
193
193
193
193
203
203
203
203
203
203
203
203
203
203
203
199
199
199
199
199
200
200
200
200
200
203
203
203
203
203
203
200
200
200
200
200
195
195
195
195
195
193
193
193
193
193
193
196
196
196
196
196
192
192
192
192
192
200
200
200
200
200
200
198
198
198
198
198
202
202
202
202
202
198
198
198
198
198
198
197
197
197
197
197
199
199
199
199
199
193
193
193
193
193
193
197
197
197
197
197
192
192
192
192
192
205
205
205
205
205
205
191
191
191
191
191
204
204
204
204
204
192
192
192
192
192
192
200
200
200
200
200
198
198
198
198
198
194
194
194
194
194
194
198
198
198
198
198
193
193
193
193
193
198
198
198
198
198
198
190
190
190
190
190
196
196
196
196
196
192
192
192
192
192
192
193
193
193
193
193
197
197
197
197
197
200
200
200
200
200
200
190
190
190
190
190
190
190
190
190
190
194
194
194
194
194
194
192
192
192
192
192
192
192
192
192
192
193
193
193
193
193
193
193
193
193
193
193
192
192
192
192
192
188
188
188
188
188
188
191
191
191
191
191
191
191
191
191
191
198
198
198
198
198
198
188
188
188
188
188
194
194
194
194
194
191
191
191
191
191
191
189
189
189
189
189
184
184
184
184
184
190
190
190
190
190
190
194
194
194
194
194
188
188
188
188
188
185
185
185
185
185
185
184
184
184
184
184
187
187
187
187
187
188
188
188
188
188
188
185
185
185
185
185
186
186
186
186
186
190
190
190
190
190
190
185
185
185
185
185
180
180
180
180
180
189
189
189
189
189
189
185
185
185
185
185
187
187
187
187
187
184
184
184
184
184
184
189
189
189
189
189
188
188
188
188
188
185
185
185
185
185
185
180
180
180
180
180
186
186
186
186
186
182
182
182
182
182
182
182
182
182
182
182
179
179
179
179
179
185
185
185
185
185
185
181
181
181
181
181
181
181
181
181
181
179
179
179
179
179
179
182
182
182
182
182
184
184
184
184
184
180
180
180
180
180
180
183
183
183
183
183
182
182
182
182
182
177
177
177
177
177
177
176
176
176
176
176
181
181
181
181
181
178
178
178
178
178
178
179
179
179
179
179
177
177
177
177
177
178
178
178
178
178
178
175
175
175
175
175
172
172
172
172
172
176
176
176
176
176
176
178
178
178
178
178
177
177
177
177
177
175
175
175
175
175
175
171
171
171
171
171
175
175
175
175
175
177
177
177
177
177
177
173
173
173
173
173
173
173
173
173
173
176
176
176
176
176
176
172
172
172
172
172
180
180
180
180
180
177
177
177
177
177
177
180
180
180
180
180
181
181
181
181
181
191
191
191
191
191
191
198
198
198
198
198
199
199
199
199
199
210
210
210
210
210
210
213
213
213
213
213
212
212
212
212
212
218
218
218
218
218
218
217
217
217
217
217
217
217
217
217
217
209
209
209
209
209
209
211
211
211
211
211
213
213
213
213
213
214
214
214
214
214
214
222
222
222
222
222
223
223
223
223
223
231
231
231
231
231
231
243
243
243
243
243
266
266
266
266
266
279
279
279
279
279
279
313
313
313
313
313
321
321
321
321
321
314
314
314
314
314
314
296
296
296
296
296
279
279
279
279
279
253
253
253
253
253
253
244
244
244
244
244
234
234
234
234
234
232
232
232
232
232
232
225
225
225
225
225
226
226
226
226
226
226
226
226
226
226
226
223
223
223
223
223
237
237
237
237
237
245
245
245
245
245
245
250
250
250
250
250
251
251
251
251
251
241
241
241
241
241
241
250
250
250
250
250
236
236
236
236
236
235
235
235
235
235
235
228
228
228
228
228
238
238
238
238
238
238
238
238
238
238
238
246
246
246
246
246
258
258
258
258
258
304
304
304
304
304
304
391
391
391
391
391
631
631
631
631
631
1048
1048
1048
1048
1048
1048
1507
1507
1507
1507
1507
1998
1998
1998
1998
1998
2442
2442
2442
2442
2442
2442
2737
2737
2737
2737
2737
2964
2964
2964
2964
2964
3028
3028
3028
3028
3028
3028
3016
3016
3016
3016
3016
2872
2872
2872
2872
2872
2713
2713
2713
2713
2713
2713
2466
2466
2466
2466
2466
2209
2209
2209
2209
2209
2015
2015
2015
2015
2015
2015
1814
1814
1814
1814
1814
1653
1653
1653
1653
1653
1460
1460
1460
1460
1460
1460
1367
1367
1367
1367
1367
1205
1205
1205
1205
1205
1083
1083
1083
1083
1083
1083
923
923
923
923
923
771
771
771
771
771
607
607
607
607
607
607
442
442
442
442
442
366
366
366
366
366
310
310
310
310
310
310
279
279
279
279
279
252
252
252
252
252
240
240
240
240
240
240
240
240
240
240
240
228
228
228
228
228
222
222
222
222
222
222
211
211
211
211
211
217
217
217
217
217
217
217
217
217
217
217
211
211
211
211
211
211
211
211
211
211
207
207
207
207
207
207
206
206
206
206
206
209
209
209
209
209
215
215
215
215
215
215
203
203
203
203
203
210
210
210
210
210
204
204
204
204
204
204
203
203
203
203
203
201
201
201
201
201
200
200
200
200
200
200
200
200
200
200
200
190
190
190
190
190
200
200
200
200
200
200
193
193
193
193
193
199
199
199
199
199
199
199
199
199
199
199
209
209
209
209
209
207
207
207
207
207
205
205
205
205
205
205
213
213
213
213
213
216
216
216
216
216
219
219
219
219
219
219
220
220
220
220
220
219
219
219
219
219
207
207
207
207
207
207
209
209
209
209
209
203
203
203
203
203
199
199
199
199
199
199
195
195
195
195
195
196
196
196
196
196
193
193
193
193
193
193
196
196
196
196
196
188
188
188
188
188
192
192
192
192
192
192
190
190
190
190
190
192
192
192
192
192
185
185
185
185
185
185
188
188
188
188
188
189
189
189
189
189
191
191
191
191
191
191
189
189
189
189
189
191
191
191
191
191
185
185
185
185
185
185
182
182
182
182
182
185
185
185
185
185
182
182
182
182
182
182
182
182
182
182
182
180
180
180
180
180
179
179
179
179
179
179
173
173
173
173
173
173
173
173
173
173
173
173
173
173
173
173
180
180
180
180
180
176
176
176
176
176
181
181
181
181
181
181
174
174
174
174
174
186
186
186
186
186
185
185
185
185
185
185
181
181
181
181
181
183
183
183
183
183
184
184
184
184
184
184
186
186
186
186
186
182
182
182
182
182
184
184
184
184
184
184
184
184
184
184
184
186
186
186
186
186
184
184
184
184
184
184
184
184
184
184
184
181
181
181
181
181
186
186
186
186
186
186
186
186
186
186
186
182
182
182
182
182
185
185
185
185
185
185
183
183
183
183
183
184
184
184
184
184
184
184
184
184
184
184
180
180
180
180
180
184
184
184
184
184
179
179
179
179
179
179
186
186
186
186
186
183
183
183
183
183
185
185
185
185
185
185
186
186
186
186
186
185
185
185
185
185
188
188
188
188
188
188
189
189
189
189
189
186
186
186
186
186
188
188
188
188
188
188
193
193
193
193
193
191
191
191
191
191
199
199
199
199
199
199
195
195
195
195
195
192
192
192
192
192
185
185
185
185
185
185
189
189
189
189
189
190
190
190
190
190
186
186
186
186
186
186
188
188
188
188
188
191
191
191
191
191
188
188
188
188
188
188
190
190
190
190
190
186
186
186
186
186
194
194
194
194
194
194
195
195
195
195
195
201
201
201
201
201
203
203
203
203
203
203
201
201
201
201
201
200
200
200
200
200
192
192
192
192
192
192
195
195
195
195
195
202
202
202
202
202
193
193
193
193
193
193
200
200
200
200
200
197
197
197
197
197
195
195
195
195
195
195
192
192
192
192
192
193
193
193
193
193
197
197
197
197
197
197
203
203
203
203
203
200
200
200
200
200
196
196
196
196
196
196
207
207
207
207
207
197
197
197
197
197
207
207
207
207
207
207
202
202
202
202
202
204
204
204
204
204
206
206
206
206
206
206
204
204
204
204
204
194
194
194
194
194
210
210
210
210
210
210
198
198
198
198
198
201
201
201
201
201
196
196
196
196
196
196
193
193
193
193
193
198
198
198
198
198
196
196
196
196
196
196
198
198
198
198
198
195
195
195
195
195
209
209
209
209
209
209
202
202
202
202
202
200
200
200
200
200
199
199
199
199
199
199
211
211
211
211
211
199
199
199
199
199
209
209
209
209
209
209
201
201
201
201
201
209
209
209
209
209
217
217
217
217
217
217
211
211
211
211
211
216
216
216
216
216
210
210
210
210
210
210
221
221
221
221
221
209
209
209
209
209
212
212
212
212
212
212
208
208
208
208
208
209
209
209
209
209
209
209
209
209
209
209
217
217
217
217
217
217
217
217
217
217
217
217
217
217
217
217
219
219
219
219
219
219
219
219
219
219
224
224
224
224
224
224
230
230
230
230
230
234
234
234
234
234
233
233
233
233
233
233
233
233
233
233
233
217
217
217
217
217
215
215
215
215
215
215
215
215
215
215
215
216
216
216
216
216
220
220
220
220
220
220
216
216
216
216
216
222
222
222
222
222
215
215
215
215
215
215
222
222
222
222
222
213
213
213
213
213
226
226
226
226
226
226
215
215
215
215
215
229
229
229
229
229
221
221
221
221
221
221
225
225
225
225
225
210
210
210
210
210
226
226
226
226
226
226
217
217
217
217
217
218
218
218
218
218
217
217
217
217
217
217
214
214
214
214
214
214
214
214
214
214
216
216
216
216
216
216
213
213
213
213
213
227
227
227
227
227
222
222
222
222
222
222
220
220
220
220
220
232
232
232
232
232
233
233
233
233
233
233
239
239
239
239
239
240
240
240
240
240
240
240
240
240
240
240
236
236
236
236
236
220
220
220
220
220
233
233
233
233
233
233
227
227
227
227
227
230
230
230
230
230
220
220
220
220
220
220
222
222
222
222
222
217
217
217
217
217
208
208
208
208
208
208
215
215
215
215
215
212
212
212
212
212
217
217
217
217
217
217
217
217
217
217
217
220
220
220
220
220
215
215
215
215
215
215
209
209
209
209
209
223
223
223
223
223
215
215
215
215
215
215
213
213
213
213
213
210
210
210
210
210
209
209
209
209
209
209
211
211
211
211
211
202
202
202
202
202
209
209
209
209
209
209
217
217
217
217
217
213
213
213
213
213
210
210
210
210
210
210
218
218
218
218
218
207
207
207
207
207
209
209
209
209
209
209
215
215
215
215
215
220
220
220
220
220
203
203
203
203
203
203
210
210
210
210
210
203
203
203
203
203
213
213
213
213
213
213
209
209
209
209
209
207
207
207
207
207
209
209
209
209
209
209
203
203
203
203
203
191
191
191
191
191
203
203
203
203
203
203
201
201
201
201
201
200
200
200
200
200
197
197
197
197
197
197
200
200
200
200
200
197
197
197
197
197
198
198
198
198
198
198
206
206
206
206
206
196
196
196
196
196
201
201
201
201
201
201
200
200
200
200
200
204
204
204
204
204
198
198
198
198
198
198
190
190
190
190
190
199
199
199
199
199
202
202
202
202
202
202
195
195
195
195
195
200
200
200
200
200
194
194
194
194
194
194
195
195
195
195
195
191
191
191
191
191
191
191
191
191
191
191
197
197
197
197
197
197
197
197
197
197
190
190
190
190
190
190
196
196
196
196
196
191
191
191
191
191
200
200
200
200
200
200
200
200
200
200
200
198
198
198
198
198
194
194
194
194
194
194
196
196
196
196
196
191
191
191
191
191
198
198
198
198
198
198
199
199
199
199
199
189
189
189
189
189
201
201
201
201
201
201
198
198
198
198
198
196
196
196
196
196
196
196
196
196
196
196
196
196
196
196
196
195
195
195
195
195
195
195
195
195
195
195
192
192
192
192
192
182
182
182
182
182
193
193
193
193
193
193
193
193
193
193
193
192
192
192
192
192
181
181
181
181
181
181
198
198
198
198
198
190
190
190
190
190
196
196
196
196
196
196
189
189
189
189
189
196
196
196
196
196
196
196
196
196
196
196
198
198
198
198
198
194
194
194
194
194
192
192
192
192
192
192
191
191
191
191
191
193
193
193
193
193
196
196
196
196
196
196
202
202
202
202
202
194
194
194
194
194
197
197
197
197
197
197
200
200
200
200
200
197
197
197
197
197
198
198
198
198
198
198
198
198
198
198
198
198
198
198
198
198
197
197
197
197
197
197
196
196
196
196
196
192
192
192
192
192
193
193
193
193
193
193
198
198
198
198
198
194
194
194
194
194
196
196
196
196
196
196
196
196
196
196
196
196
196
196
196
196
195
195
195
195
195
195
194
194
194
194
194
195
195
195
195
195
195
195
195
195
195
195
195
195
195
195
195
189
189
189
189
189
195
195
195
195
195
195
195
195
195
195
195
196
196
196
196
196
193
193
193
193
193
193
195
195
195
195
195
198
198
198
198
198
200
200
200
200
200
200
201
201
201
201
201
202
202
202
202
202
194
194
194
194
194
194
196
196
196
196
196
199
199
199
199
199
204
204
204
204
204
204
206
206
206
206
206
202
202
202
202
202
206
206
206
206
206
206
206
206
206
206
206
199
199
199
199
199
204
204
204
204
204
204
208
208
208
208
208
208
208
208
208
208
208
208
208
208
208
208
206
206
206
206
206
208
208
208
208
208
210
210
210
210
210
210
201
201
201
201
201
209
209
209
209
209
211
211
211
211
211
211
209
209
209
209
209
211
211
211
211
211
210
210
210
210
210
210
213
213
213
213
213
212
212
212
212
212
216
216
216
216
216
216
223
223
223
223
223
219
219
219
219
219
214
214
214
214
214
214
217
217
217
217
217
217
217
217
217
217
219
219
219
219
219
219
215
215
215
215
215
218
218
218
218
218
216
216
216
216
216
216
222
222
222
222
222
228
228
228
228
228
222
222
222
222
222
222
227
227
227
227
227
230
230
230
230
230
228
228
228
228
228
228
237
237
237
237
237
237
237
237
237
237
232
232
232
232
232
232
228
228
228
228
228
226
226
226
226
226
228
228
228
228
228
228
221
221
221
221
221
223
223
223
223
223
221
221
221
221
221
221
217
217
217
217
217
216
216
216
216
216
224
224
224
224
224
224
217
217
217
217
217
229
229
229
229
229
233
233
233
233
233
233
220
220
220
220
220
222
222
222
222
222
227
227
227
227
227
227
230
230
230
230
230
226
226
226
226
226
226
226
226
226
226
226
233
233
233
233
233
221
221
221
221
221
228
228
228
228
228
228
221
221
221
221
221
230
230
230
230
230
233
233
233
233
233
233
231
231
231
231
231
227
227
227
227
227
227
227
227
227
227
227
225
225
225
225
225
225
225
225
225
225
217
217
217
217
217
217
226
226
226
226
226
214
214
214
214
214
214
214
214
214
214
214
216
216
216
216
216
211
211
211
211
211
216
216
216
216
216
216
224
224
224
224
224
216
216
216
216
216
220
220
220
220
220
220
212
212
212
212
212
217
217
217
217
217
220
220
220
220
220
220
217
217
217
217
217
219
219
219
219
219
214
214
214
214
214
214
218
218
218
218
218
225
225
225
225
225
214
214
214
214
214
214
213
213
213
213
213
213
213
213
213
213
214
214
214
214
214
214
211
211
211
211
211
214
214
214
214
214
204
204
204
204
204
204
212
212
212
212
212
219
219
219
219
219
215
215
215
215
215
215
222
222
222
222
222
208
208
208
208
208
221
221
221
221
221
221
219
219
219
219
219
211
211
211
211
211
224
224
224
224
224
224
213
213
213
213
213
216
216
216
216
216
214
214
214
214
214
214
210
210
210
210
210
207
207
207
207
207
205
205
205
205
205
205
210
210
210
210
210
210
210
210
210
210
210
210
210
210
210
210
214
214
214
214
214
209
209
209
209
209
218
218
218
218
218
218
217
217
217
217
217
219
219
219
219
219
219
219
219
219
219
219
224
224
224
224
224
219
219
219
219
219
213
213
213
213
213
213
214
214
214
214
214
212
212
212
212
212
205
205
205
205
205
205
211
211
211
211
211
204
204
204
204
204
217
217
217
217
217
217
205
205
205
205
205
200
200
200
200
200
206
206
206
206
206
206
205
205
205
205
205
201
201
201
201
201
206
206
206
206
206
206
202
202
202
202
202
206
206
206
206
206
213
213
213
213
213
213
206
206
206
206
206
209
209
209
209
209
208
208
208
208
208
208
206
206
206
206
206
205
205
205
205
205
201
201
201
201
201
201
201
201
201
201
201
197
197
197
197
197
196
196
196
196
196
196
200
200
200
200
200
197
197
197
197
197
200
200
200
200
200