192
192
192
192
192
203
203
203
203
203
200
200
200
200
200
200
200
200
200
200
200
200
200
200
200
200
197
197
197
197
197
197
198
198
198
198
198
201
201
201
201
201
189
189
189
189
189
189
209
209
209
209
209
204
204
204
204
204
197
197
197
197
197
197
202
202
202
202
202
200
200
200
200
200
196
196
196
196
196
196
200
200
200
200
200
196
196
196
196
196
194
194
194
194
194
194
206
206
206
206
206
198
198
198
198
198
203
203
203
203
203
203
202
202
202
202
202
199
199
199
199
199
199
199
199
199
199
199
198
198
198
198
198
196
196
196
196
196
200
200
200
200
200
200
200
200
200
200
200
201
201
201
201
201
197
197
197
197
197
197
202
202
202
202
202
200
200
200
200
200
197
197
197
197
197
197
199
199
199
199
199
201
201
201
201
201
194
194
194
194
194
194
194
194
194
194
194
193
193
193
193
193
202
202
202
202
202
202
199
199
199
199
199
193
193
193
193
193
197
197
197
197
197
197
194
194
194
194
194
196
196
196
196
196
193
193
193
193
193
193
202
202
202
202
202
189
189
189
189
189
201
201
201
201
201
201
195
195
195
195
195
194
194
194
194
194
197
197
197
197
197
197
195
195
195
195
195
192
192
192
192
192
194
194
194
194
194
194
194
194
194
194
194
200
200
200
200
200
197
197
197
197
197
197
193
193
193
193
193
192
192
192
192
192
195
195
195
195
195
195
196
196
196
196
196
193
193
193
193
193
189
189
189
189
189
189
190
190
190
190
190
187
187
187
187
187
188
188
188
188
188
188
193
193
193
193
193
194
194
194
194
194
203
203
203
203
203
203
189
189
189
189
189
196
196
196
196
196
186
186
186
186
186
186
188
188
188
188
188
190
190
190
190
190
192
192
192
192
192
192
195
195
195
195
195
191
191
191
191
191
195
195
195
195
195
195
185
185
185
185
185
195
195
195
195
195
184
184
184
184
184
184
185
185
185
185
185
195
195
195
195
195
193
193
193
193
193
193
183
183
183
183
183
190
190
190
190
190
184
184
184
184
184
184
185
185
185
185
185
189
189
189
189
189
190
190
190
190
190
190
179
179
179
179
179
180
180
180
180
180
184
184
184
184
184
184
189
189
189
189
189
180
180
180
180
180
185
185
185
185
185
185
179
179
179
179
179
183
183
183
183
183
180
180
180
180
180
180
180
180
180
180
180
176
176
176
176
176
183
183
183
183
183
183
184
184
184
184
184
181
181
181
181
181
180
180
180
180
180
180
183
183
183
183
183
175
175
175
175
175
179
179
179
179
179
179
179
179
179
179
179
181
181
181
181
181
175
175
175
175
175
175
180
180
180
180
180
185
185
185
185
185
178
178
178
178
178
178
179
179
179
179
179
181
181
181
181
181
177
177
177
177
177
177
178
178
178
178
178
175
175
175
175
175
179
179
179
179
179
179
181
181
181
181
181
183
183
183
183
183
180
180
180
180
180
180
182
182
182
182
182
182
182
182
182
182
185
185
185
185
185
185
172
172
172
172
172
180
180
180
180
180
171
171
171
171
171
171
174
174
174
174
174
175
175
175
175
175
185
185
185
185
185
185
178
178
178
178
178
179
179
179
179
179
178
178
178
178
178
178
180
180
180
180
180
174
174
174
174
174
183
183
183
183
183
183
177
177
177
177
177
180
180
180
180
180
180
180
180
180
180
180
187
187
187
187
187
177
177
177
177
177
183
183
183
183
183
183
182
182
182
182
182
186
186
186
186
186
190
190
190
190
190
190
188
188
188
188
188
194
194
194
194
194
195
195
195
195
195
195
203
203
203
203
203
195
195
195
195
195
220
220
220
220
220
220
203
203
203
203
203
211
211
211
211
211
213
213
213
213
213
213
226
226
226
226
226
222
222
222
222
222
223
223
223
223
223
223
228
228
228
228
228
218
218
218
218
218
227
227
227
227
227
227
226
226
226
226
226
256
256
256
256
256
265
265
265
265
265
265
332
332
332
332
332
388
388
388
388
388
451
451
451
451
451
451
457
457
457
457
457
402
402
402
402
402
326
326
326
326
326
326
264
264
264
264
264
241
241
241
241
241
217
217
217
217
217
217
213
213
213
213
213
202
202
202
202
202
201
201
201
201
201
201
202
202
202
202
202
209
209
209
209
209
215
215
215
215
215
215
231
231
231
231
231
240
240
240
240
240
257
257
257
257
257
257
281
281
281
281
281
290
290
290
290
290
294
294
294
294
294
294
289
289
289
289
289
301
301
301
301
301
297
297
297
297
297
297
309
309
309
309
309
340
340
340
340
340
420
420
420
420
420
420
598
598
598
598
598
830
830
830
830
830
1040
1040
1040
1040
1040
1040
1198
1198
1198
1198
1198
1256
1256
1256
1256
1256
1227
1227
1227
1227
1227
1227
1179
1179
1179
1179
1179
1108
1108
1108
1108
1108
1116
1116
1116
1116
1116
1116
1173
1173
1173
1173
1173
1364
1364
1364
1364
1364
1709
1709
1709
1709
1709
1709
2182
2182
2182
2182
2182
2702
2702
2702
2702
2702
3190
3190
3190
3190
3190
3190
3628
3628
3628
3628
3628
3951
3951
3951
3951
3951
4095
4095
4095
4095
4095
4095
4095
4095
4095
4095
4095
4095
4095
4095
4095
4095
3959
3959
3959
3959
3959
3959
3762
3762
3762
3762
3762
3499
3499
3499
3499
3499
3201
3201
3201
3201
3201
3201
2818
2818
2818
2818
2818
2451
2451
2451
2451
2451
2065
2065
2065
2065
2065
2065
1646
1646
1646
1646
1646
1255
1255
1255
1255
1255
898
898
898
898
898
898
600
600
600
600
600
439
439
439
439
439
385
385
385
385
385
385
359
359
359
359
359
345
345
345
345
345
328
328
328
328
328
328
319
319
319
319
319
343
343
343
343
343
325
325
325
325
325
325
305
305
305
305
305
287
287
287
287
287
259
259
259
259
259
259
245
245
245
245
245
232
232
232
232
232
222
222
222
222
222
222
213
213
213
213
213
205
205
205
205
205
207
207
207
207
207
207
202
202
202
202
202
204
204
204
204
204
199
199
199
199
199
199
208
208
208
208
208
206
206
206
206
206
204
204
204
204
204
204
207
207
207
207
207
208
208
208
208
208
207
207
207
207
207
207
208
208
208
208
208
207
207
207
207
207
209
209
209
209
209
209
206
206
206
206
206
208
208
208
208
208
210
210
210
210
210
210
212
212
212
212
212
207
207
207
207
207
211
211
211
211
211
211
206
206
206
206
206
203
203
203
203
203
209
209
209
209
209
209
215
215
215
215
215
210
210
210
210
210
214
214
214
214
214
214
215
215
215
215
215
223
223
223
223
223
214
214
214
214
214
214
220
220
220
220
220
213
213
213
213
213
207
207
207
207
207
207
212
212
212
212
212
203
203
203
203
203
204
204
204
204
204
204
207
207
207
207
207
199
199
199
199
199
200
200
200
200
200
200
193
193
193
193
193
200
200
200
200
200
204
204
204
204
204
204
197
197
197
197
197
193
193
193
193
193
195
195
195
195
195
195
194
194
194
194
194
197
197
197
197
197
190
190
190
190
190
190
187
187
187
187
187
183
183
183
183
183
184
184
184
184
184
184
185
185
185
185
185
185
185
185
185
185
183
183
183
183
183
183
189
189
189
189
189
182
182
182
182
182
180
180
180
180
180
180
181
181
181
181
181
176
176
176
176
176
182
182
182
182
182
182
180
180
180
180
180
182
182
182
182
182
179
179
179
179
179
179
182
182
182
182
182
180
180
180
180
180
181
181
181
181
181
181
177
177
177
177
177
177
177
177
177
177
175
175
175
175
175
175
180
180
180
180
180
179
179
179
179
179
176
176
176
176
176
176
178
178
178
178
178
172
172
172
172
172
177
177
177
177
177
177
182
182
182
182
182
180
180
180
180
180
180
180
180
180
180
180
179
179
179
179
179
183
183
183
183
183
179
179
179
179
179
179
180
180
180
180
180
182
182
182
182
182
186
186
186
186
186
186
179
179
179
179
179
181
181
181
181
181
180
180
180
180
180
180
183
183
183
183
183
187
187
187
187
187
181
181
181
181
181
181
178
178
178
178
178
179
179
179
179
179
179
179
179
179
179
179
183
183
183
183
183
180
180
180
180
180
183
183
183
183
183
183
184
184
184
184
184
182
182
182
182
182
181
181
181
181
181
181
181
181
181
181
181
185
185
185
185
185
186
186
186
186
186
186
189
189
189
189
189
190
190
190
190
190
189
189
189
189
189
189
184
184
184
184
184
188
188
188
188
188
187
187
187
187
187
187
185
185
185
185
185
187
187
187
187
187
185
185
185
185
185
185
181
181
181
181
181
182
182
182
182
182
195
195
195
195
195
195
186
186
186
186
186
191
191
191
191
191
188
188
188
188
188
188
191
191
191
191
191
183
183
183
183
183
186
186
186
186
186
186
187
187
187
187
187
178
178
178
178
178
178
178
178
178
178
178
186
186
186
186
186
185
185
185
185
185
189
189
189
189
189
189
189
189
189
189
189
191
191
191
191
191
187
187
187
187
187
187
189
189
189
189
189
189
189
189
189
189
187
187
187
187
187
187
187
187
187
187
187
186
186
186
186
186
185
185
185
185
185
185
184
184
184
184
184
188
188
188
188
188
188
188
188
188
188
188
201
201
201
201
201
190
190
190
190
190
192
192
192
192
192
192
190
190
190
190
190
191
191
191
191
191
194
194
194
194
194
194
190
190
190
190
190
197
197
197
197
197
192
192
192
192
192
192
193
193
193
193
193
195
195
195
195
195
193
193
193
193
193
193
199
199
199
199
199
195
195
195
195
195
198
198
198
198
198
198
194
194
194
194
194
193
193
193
193
193
193
193
193
193
193
193
195
195
195
195
195
192
192
192
192
192
195
195
195
195
195
195
198
198
198
198
198
197
197
197
197
197
204
204
204
204
204
204
198
198
198
198
198
209
209
209
209
209
203
203
203
203
203
203
203
203
203
203
203
208
208
208
208
208
203
203
203
203
203
203
205
205
205
205
205
198
198
198
198
198
202
202
202
202
202
202
189
189
189
189
189
201
201
201
201
201
193
193
193
193
193
193
197
197
197
197
197
203
203
203
203
203
200
200
200
200
200
200
214
214
214
214
214
202
202
202
202
202
210
210
210
210
210
210
216
216
216
216
216
204
204
204
204
204
208
208
208
208
208
208
200
200
200
200
200
202
202
202
202
202
202
202
202
202
202
202
195
195
195
195
195
201
201
201
201
201
197
197
197
197
197
197
199
199
199
199
199
198
198
198
198
198
201
201
201
201
201
201
198
198
198
198
198
204
204
204
204
204
210
210
210
210
210
210
196
196
196
196
196
202
202
202
202
202
205
205
205
205
205
205
200
200
200
200
200
208
208
208
208
208
209
209
209
209
209
209
206
206
206
206
206
206
206
206
206
206
212
212
212
212
212
212
229
229
229
229
229
212
212
212
212
212
212
212
212
212
212
212
212
212
212
212
212
203
203
203
203
203
203
203
203
203
203
203
205
205
205
205
205
208
208
208
208
208
201
201
201
201
201
201
201
201
201
201
201
209
209
209
209
209
207
207
207
207
207
207
211
211
211
211
211
205
205
205
205
205
204
204
204
204
204
204
212
212
212
212
212
213
213
213
213
213
210
210
210
210
210
210
207
207
207
207
207
201
201
201
201
201
209
209
209
209
209
209
208
208
208
208
208
207
207
207
207
207
208
208
208
208
208
208
205
205
205
205
205
210
210
210
210
210
205
205
205
205
205
205
205
205
205
205
205
204
204
204
204
204
204
204
204
204
204
204
208
208
208
208
208
203
203
203
203
203
202
202
202
202
202
202
203
203
203
203
203
205
205
205
205
205
199
199
199
199
199
199
192
192
192
192
192
200
200
200
200
200
198
198
198
198
198
198
199
199
199
199
199
199
199
199
199
199
196
196
196
196
196
196
197
197
197
197
197
199
199
199
199
199
197
197
197
197
197
197
196
196
196
196
196
199
199
199
199
199
202
202
202
202
202
202
201
201
201
201
201
199
199
199
199
199
203
203
203
203
203
203
196
196
196
196
196
201
201
201
201
201
199
199
199
199
199
199
193
193
193
193
193
197
197
197
197
197
201
201
201
201
201
201
197
197
197
197
197
193
193
193
193
193
200
200
200
200
200
200
197
197
197
197
197
199
199
199
199
199
198
198
198
198
198
198
204
204
204
204
204
199
199
199
199
199
208
208
208
208
208
208
194
194
194
194
194
201
201
201
201
201
200
200
200
200
200
200
201
201
201
201
201
199
199
199
199
199
199
199
199
199
199
199
198
198
198
198
198
198
198
198
198
198
204
204
204
204
204
204
198
198
198
198
198
198
198
198
198
198
196
196
196
196
196
196
193
193
193
193
193
199
199
199
199
199
193
193
193
193
193
193
210
210
210
210
210
195
195
195
195
195
192
192
192
192
192
192
197
197
197
197
197
203
203
203
203
203
200
200
200
200
200
200
199
199
199
199
199
205
205
205
205
205
204
204
204
204
204
204
207
207
207
207
207
203
203
203
203
203
211
211
211
211
211
211
203
203
203
203
203
201
201
201
201
201
202
202
202
202
202
202
210
210
210
210
210
207
207
207
207
207
213
213
213
213
213
213
208
208
208
208
208
209
209
209
209
209
207
207
207
207
207
207
211
211
211
211
211
206
206
206
206
206
211
211
211
211
211
211
213
213
213
213
213
211
211
211
211
211
204
204
204
204
204
204
205
205
205
205
205
205
205
205
205
205
210
210
210
210
210
210
206
206
206
206
206
210
210
210
210
210
207
207
207
207
207
207
211
211
211
211
211
205
205
205
205
205
209
209
209
209
209
209
205
205
205
205
205
201
201
201
201
201
206
206
206
206
206
206
198
198
198
198
198
202
202
202
202
202
196
196
196
196
196
196
196
196
196
196
196
205
205
205
205
205
201
201
201
201
201
201
195
195
195
195
195
199
199
199
199
199
201
201
201
201
201
201
204
204
204
204
204
196
196
196
196
196
202
202
202
202
202
202
206
206
206
206
206
203
203
203
203
203
201
201
201
201
201
201
204
204
204
204
204
213
213
213
213
213
203
203
203
203
203
203
206
206
206
206
206
205
205
205
205
205
210
210
210
210
210
210
213
213
213
213
213
209
209
209
209
209
211
211
211
211
211
211
212
212
212
212
212
214
214
214
214
214
210
210
210
210
210
210
209
209
209
209
209
218
218
218
218
218
217
217
217
217
217
217
216
216
216
216
216
219
219
219
219
219
216
216
216
216
216
216
213
213
213
213
213
217
217
217
217
217
210
210
210
210
210
210
220
220
220
220
220
218
218
218
218
218
228
228
228
228
228
228
222
222
222
222
222
219
219
219
219
219
224
224
224
224
224
224
227
227
227
227
227
232
232
232
232
232
221
221
221
221
221
221
225
225
225
225
225
214
214
214
214
214
218
218
218
218
218
218
224
224
224
224
224
225
225
225
225
225
224
224
224
224
224
224
222
222
222
222
222
228
228
228
228
228
227
227
227
227
227
227
223
223
223
223
223
231
231
231
231
231
226
226
226
226
226
226
226
226
226
226
226
218
218
218
218
218
219
219
219
219
219
219
209
209
209
209
209
220
220
220
220
220
202
202
202
202
202
202
211
211
211
211
211
212
212
212
212
212
212
212
212
212
212
212
213
213
213
213
213
206
206
206
206
206
211
211
211
211
211
211
216
216
216
216
216
204
204
204
204
204
208
208
208
208
208
208
202
202
202
202
202
198
198
198
198
198
204
204
204
204
204
204
205
205
205
205
205
206
206
206
206
206
202
202
202
202
202
202
212
212
212
212
212
205
205
205
205
205
212
212
212
212
212
212
209
209
209
209
209
204
204
204
204
204
208
208
208
208
208
208
206
206
206
206
206
205
205
205
205
205
199
199
199
199
199
199
203
203
203
203
203
195
195
195
195
195
204
204
204
204
204
204
202
202
202
202
202
204
204
204
204
204
200
200
200
200
200
200
203
203
203
203
203
198
198
198
198
198
212
212
212
212
212
212
210
210
210
210
210
205
205
205
205
205
209
209
209
209
209
209
199
199
199
199
199
198
198
198
198
198
199
199
199
199
199
199
200
200
200
200
200
190
190
190
190
190
198
198
198
198
198
198
195
195
195
195
195
199
199
199
199
199
203
203
203
203
203
203
198
198
198
198
198
203
203
203
203
203
203
203
203
203
203
203
195
195
195
195
195
198
198
198
198
198
195
195
195
195
195
195
197
197
197
197
197
192
192
192
192
192
191
191
191
191
191
191
193
193
193
193
193
196
196
196
196
196
200
200
200
200
200
200
197
197
197
197
197
198
198
198
198
198
198
198
198
198
198
198
192
192
192
192
192
190
190
190
190
190
187
187
187
187
187
187
191
191
191
191
191
192
192
192
192
192
188
188
188
188
188
188
188
188
188
188
188
191
191
191
191
191
191
191
191
191
191
191
195
195
195
195
195
192
192
192
192
192
187
187
187
187
187
187
197
197
197
197
197
189
189
189
189
189
191
191
191
191
191
191
193
193
193
193
193
189
189
189
189
189
190
190
190
190
190
190
191
191
191
191
191
190
190
190
190
190
192
192
192
192
192
192
193
193
193
193
193
189
189
189
189
189
193
193
193
193
193
193
192
192
192
192
192
192
192
192
192
192
199
199
199
199
199
199
198
198
198
198
198
195
195
195
195
195
197
197
197
197
197
197
195
195
195
195
195
192
192
192
192
192
198
198
198
198
198
198
194
194
194
194
194
199
199
199
199
199
198
198
198
198
198
198
199
199
199
199
199
202
202
202
202
202
199
199
199
199
199
199
201
201
201
201
201
205
205
205
205
205
201
201
201
201
201
201
208
208
208
208
208
199
199
199
199
199
200
200
200
200
200
200
202
202
202
202
202
205
205
205
205
205
210
210
210
210
210
210
200
200
200
200
200
203
203
203
203
203
206
206
206
206
206
206
203
203
203
203
203
201
201
201
201
201
199
199
199
199
199
199
196
196
196
196
196
203
203
203
203
203
206
206
206
206
206
206
211
211
211
211
211
207
207
207
207
207
209
209
209
209
209
209
204
204
204
204
204
207
207
207
207
207
202
202
202
202
202
202
195
195
195
195
195
200
200
200
200
200
191
191
191
191
191
191
203
203
203
203
203
205
205
205
205
205
210
210
210
210
210
210
206
206
206
206
206
206
206
206
206
206
207
207
207
207
207
207
219
219
219
219
219
212
212
212
212
212
210
210
210
210
210
210
215
215
215
215
215
211
211
211
211
211
220
220
220
220
220
220
214
214
214
214
214
215
215
215
215
215
216
216
216
216
216
216
212
212
212
212
212
223
223
223
223
223
211
211
211
211
211
211
218
218
218
218
218
220
220
220
220
220
228
228
228
228
228
228
221
221
221
221
221
228
228
228
228
228
219
219
219
219
219
219
229
229
229
229
229
213
213
213
213
213
213
213
213
213
213
213
221
221
221
221
221
216
216
216
216
216
210
210
210
210
210
210
219
219
219
219
219
227
227
227
227
227
224
224
224
224
224
224
222
222
222
222
222
213
213
213
213
213
215
215
215
215
215
215
222
222
222
222
222
214
214
214
214
214
221
221
221
221
221
221
222
222
222
222
222
219
219
219
219
219
214
214
214
214
214
214
212
212
212
212
212
217
217
217
217
217
213
213
213
213
213
213
217
217
217
217
217
212
212
212
212
212
209
209
209
209
209
209
215
215
215
215
215
217
217
217
217
217
205
205
205
205
205
205
213
213
213
213
213
207
207
207
207
207
209
209
209
209
209
209
216
216
216
216
216
212
212
212
212
212
207
207
207
207
207
207
208
208
208
208
208
209
209
209
209
209
212
212
212
212
212
212
206
206
206
206
206
207
207
207
207
207
209
209
209
209
209
209
211
211
211
211
211
207
207
207
207
207
210
210
210
210
210
210
211
211
211
211
211
215
215
215
215
215
209
209
209
209
209
209
215
215
215
215
215
215
215
215
215
215
213
213
213
213
213
213
211
211
211
211
211
212
212
212
212
212
207
207
207
207
207
207
206
206
206
206
206
200
200
200
200
200
213
213
213
213
213
213
207
207
207
207
207
206
206
206
206
206
210
210
210
210
210
210
205
205
205
205
205
208
208
208
208
208
200
200
200
200
200
200
209
209
209
209
209
203
203
203
203
203
196
196
196
196
196
196
204
204
204
204
204
206
206
206
206
206
201
201
201
201
201
201
210
210
210
210
210
212
212
212
212
212
203
203
203
203
203
203
206
206
206
206
206
201
201
201
201
201
201
201
201
201
201
201
201
201
201
201
201
201
201
201
201
201
203
203
203
203
203
203
205
205
205
205
205
197
197
197
197
197
201
201
201
201
201
201
200
200
200
200
200
205
205
205
205
205
207
207
207
207
207
207
202
202
202
202
202
201
201
201
201
201
202
202
202
202
202
202
198
198
198
198
198
199
199
199
199
199
203
203
203
203
203
203
200
200
200
200
200
205
205
205
205
205
204
204
204
204
204
204
197
197
197
197
197
199
199
199
199
199
195
195
195
195
195
195
204
204
204
204
204
204
204
204
204
204
207
207
207
207
207
207
203
203
203
203
203
200
200
200
200
200
203
203
203
203
203
203
200
200
200
200
200
198
198
198
198
198
196
196
196
196
196
196
196
196
196
196
196
193
193
193
193
193
189
189
189
189
189
189
194
194
194
194
194
198
198
198
198
198
196
196
196
196
196
196
202
202
202
202
202
191
191
191
191
191
203
203
203
203
203
203
205
205
205
205
205
200
200
200
200
200
205
205
205
205
205
205
203
203
203
203
203
204
204
204
204
204
194
194
194
194
194
194
197
197
197
197
197
204
204
204
204
204
213
213
213
213
213
213
205
205
205
205
205
199
199
199
199
199
201
201
201
201
201
201
199
199
199
199
199
197
197
197
197
197
200
200
200
200
200
200
201
201
201
201
201
203
203
203
203
203
201
201
201
201
201
201
196
196
196
196
196
203
203
203
203
203
200
200
200
200
200
200
207
207
207
207
207
195
195
195
195
195
196
196
196
196
196
196
201
201
201
201
201
195
195
195
195
195
196
196
196
196
196
196
200
200
200
200
200
197
197
197
197
197
203
203
203
203
203
203
191
191
191
191
191
199
199
199
199
199
203
203
203
203
203
203
199
199
199
199
199
199
199
199
199
199
202
202
202
202
202
202
197
197
197
197
197
195
195
195
195
195
198
198
198
198
198
198
198
198
198
198
198
206
206
206
206
206
202
202
202
202
202
202
203
203
203
203
203
204
204
204
204
204
197
197
197
197
197
197
200
200
200
200
200
205
205
205
205
205
200
200
200
200
200
200
214
214
214
214
214
206
206
206
206
206
206
206
206
206
206
206
204
204
204
204
204
213
213