209
209
213
213
213
213
213
213
207
207
207
207
207
202
202
202
202
202
205
205
205
205
205
205
210
210
210
210
210
207
207
207
207
207
207
207
207
207
207
207
211
211
211
211
211
208
208
208
208
208
210
210
210
210
210
210
211
211
211
211
211
198
198
198
198
198
203
203
203
203
203
203
216
216
216
216
216
207
207
207
207
207
204
204
204
204
204
204
202
202
202
202
202
203
203
203
203
203
201
201
201
201
201
201
206
206
206
206
206
206
206
206
206
206
201
201
201
201
201
201
208
208
208
208
208
207
207
207
207
207
205
205
205
205
205
205
205
205
205
205
205
204
204
204
204
204
211
211
211
211
211
211
201
201
201
201
201
207
207
207
207
207
202
202
202
202
202
202
204
204
204
204
204
199
199
199
199
199
204
204
204
204
204
204
207
207
207
207
207
208
208
208
208
208
205
205
205
205
205
205
197
197
197
197
197
208
208
208
208
208
206
206
206
206
206
206
207
207
207
207
207
203
203
203
203
203
203
203
203
203
203
203
206
206
206
206
206
207
207
207
207
207
211
211
211
211
211
211
201
201
201
201
201
209
209
209
209
209
204
204
204
204
204
204
201
201
201
201
201
199
199
199
199
199
202
202
202
202
202
202
198
198
198
198
198
201
201
201
201
201
206
206
206
206
206
206
202
202
202
202
202
201
201
201
201
201
204
204
204
204
204
204
204
204
204
204
204
206
206
206
206
206
204
204
204
204
204
204
208
208
208
208
208
201
201
201
201
201
203
203
203
203
203
203
209
209
209
209
209
209
209
209
209
209
204
204
204
204
204
204
205
205
205
205
205
206
206
206
206
206
206
206
206
206
206
206
204
204
204
204
204
201
201
201
201
201
201
201
201
201
201
201
205
205
205
205
205
202
202
202
202
202
199
199
199
199
199
199
204
204
204
204
204
199
199
199
199
199
210
210
210
210
210
210
205
205
205
205
205
201
201
201
201
201
199
199
199
199
199
199
197
197
197
197
197
207
207
207
207
207
201
201
201
201
201
201
201
201
201
201
201
202
202
202
202
202
198
198
198
198
198
198
199
199
199
199
199
201
201
201
201
201
202
202
202
202
202
202
197
197
197
197
197
201
201
201
201
201
192
192
192
192
192
192
202
202
202
202
202
203
203
203
203
203
198
198
198
198
198
198
198
198
198
198
198
197
197
197
197
197
198
198
198
198
198
198
196
196
196
196
196
199
199
199
199
199
198
198
198
198
198
198
198
198
198
198
198
197
197
197
197
197
198
198
198
198
198
198
202
202
202
202
202
197
197
197
197
197
202
202
202
202
202
202
203
203
203
203
203
201
201
201
201
201
208
208
208
208
208
208
198
198
198
198
198
198
198
198
198
198
200
200
200
200
200
200
195
195
195
195
195
196
196
196
196
196
193
193
193
193
193
193
191
191
191
191
191
196
196
196
196
196
191
191
191
191
191
191
193
193
193
193
193
191
191
191
191
191
195
195
195
195
195
195
199
199
199
199
199
189
189
189
189
189
190
190
190
190
190
190
189
189
189
189
189
192
192
192
192
192
191
191
191
191
191
191
192
192
192
192
192
193
193
193
193
193
189
189
189
189
189
189
197
197
197
197
197
193
193
193
193
193
188
188
188
188
188
188
190
190
190
190
190
187
187
187
187
187
191
191
191
191
191
191
186
186
186
186
186
192
192
192
192
192
191
191
191
191
191
191
182
182
182
182
182
188
188
188
188
188
192
192
192
192
192
192
188
188
188
188
188
189
189
189
189
189
192
192
192
192
192
192
187
187
187
187
187
196
196
196
196
196
186
186
186
186
186
186
183
183
183
183
183
185
185
185
185
185
185
185
185
185
185
185
184
184
184
184
184
183
183
183
183
183
178
178
178
178
178
178
184
184
184
184
184
181
181
181
181
181
186
186
186
186
186
186
183
183
183
183
183
186
186
186
186
186
184
184
184
184
184
184
187
187
187
187
187
185
185
185
185
185
184
184
184
184
184
184
184
184
184
184
184
178
178
178
178
178
183
183
183
183
183
183
187
187
187
187
187
188
188
188
188
188
182
182
182
182
182
182
186
186
186
186
186
183
183
183
183
183
184
184
184
184
184
184
183
183
183
183
183
186
186
186
186
186
182
182
182
182
182
182
184
184
184
184
184
181
181
181
181
181
177
177
177
177
177
177
186
186
186
186
186
183
183
183
183
183
187
187
187
187
187
187
187
187
187
187
187
194
194
194
194
194
189
189
189
189
189
189
187
187
187
187
187
192
192
192
192
192
186
186
186
186
186
186
195
195
195
195
195
200
200
200
200
200
195
195
195
195
195
195
197
197
197
197
197
200
200
200
200
200
191
191
191
191
191
191
193
193
193
193
193
202
202
202
202
202
197
197
197
197
197
197
200
200
200
200
200
204
204
204
204
204
196
196
196
196
196
196
198
198
198
198
198
196
196
196
196
196
205
205
205
205
205
205
186
186
186
186
186
187
187
187
187
187
189
189
189
189
189
189
182
182
182
182
182
184
184
184
184
184
190
190
190
190
190
190
196
196
196
196
196
204
204
204
204
204
208
208
208
208
208
208
209
209
209
209
209
216
216
216
216
216
216
216
216
216
216
216
214
214
214
214
214
205
205
205
205
205
192
192
192
192
192
192
187
187
187
187
187
185
185
185
185
185
180
180
180
180
180
180
180
180
180
180
180
182
182
182
182
182
173
173
173
173
173
173
185
185
185
185
185
192
192
192
192
192
199
199
199
199
199
199
201
201
201
201
201
207
207
207
207
207
219
219
219
219
219
219
215
215
215
215
215
215
215
215
215
215
222
222
222
222
222
222
226
226
226
226
226
250
250
250
250
250
288
288
288
288
288
288
429
429
429
429
429
917
917
917
917
917
1768
1768
1768
1768
1768
1768
2607
2607
2607
2607
2607
3337
3337
3337
3337
3337
3806
3806
3806
3806
3806
3806
4025
4025
4025
4025
4025
3824
3824
3824
3824
3824
3281
3281
3281
3281
3281
3281
2384
2384
2384
2384
2384
1281
1281
1281
1281
1281
369
369
369
369
369
369
232
232
232
232
232
208
208
208
208
208
186
186
186
186
186
186
174
174
174
174
174
174
174
174
174
174
172
172
172
172
172
172
179
179
179
179
179
177
177
177
177
177
185
185
185
185
185
185
193
193
193
193
193
214
214
214
214
214
296
296
296
296
296
296
842
842
842
842
842
1648
1648
1648
1648
1648
2038
2038
2038
2038
2038
2038
1782
1782
1782
1782
1782
1002
1002
1002
1002
1002
336
336
336
336
336
336
223
223
223
223
223
201
201
201
201
201
181
181
181
181
181
181
170
170
170
170
170
174
174
174
174
174
173
173
173
173
173
173
187
187
187
187
187
215
215
215
215
215
294
294
294
294
294
294
1139
1139
1139
1139
1139
2323
2323
2323
2323
2323
2888
2888
2888
2888
2888
2888
2838
2838
2838
2838
2838
2345
2345
2345
2345
2345
1542
1542
1542
1542
1542
1542
670
670
670
670
670
304
304
304
304
304
241
241
241
241
241
241
227
227
227
227
227
223
223
223
223
223
232
232
232
232
232
232
254
254
254
254
254
329
329
329
329
329
606
606
606
606
606
606
1061
1061
1061
1061
1061
1308
1308
1308
1308
1308
1162
1162
1162
1162
1162
1162
645
645
645
645
645
291
291
291
291
291
222
222
222
222
222
222
199
199
199
199
199
184
184
184
184
184
178
178
178
178
178
178
182
182
182
182
182
180
180
180
180
180
188
188
188
188
188
188
193
193
193
193
193
204
204
204
204
204
216
216
216
216
216
216
229
229
229
229
229
240
240
240
240
240
229
229
229
229
229
229
219
219
219
219
219
206
206
206
206
206
198
198
198
198
198
198
185
185
185
185
185
185
185
185
185
185
186
186
186
186
186
186
192
192
192
192
192
204
204
204
204
204
207
207
207
207
207
207
223
223
223
223
223
243
243
243
243
243
255
255
255
255
255
255
272
272
272
272
272
300
300
300
300
300
360
360
360
360
360
360
488
488
488
488
488
522
522
522
522
522
475
475
475
475
475
475
377
377
377
377
377
312
312
312
312
312
241
241
241
241
241
241
231
231
231
231
231
212
212
212
212
212
191
191
191
191
191
191
188
188
188
188
188
185
185
185
185
185
182
182
182
182
182
182
176
176
176
176
176
177
177
177
177
177
180
180
180
180
180
180
181
181
181
181
181
183
183
183
183
183
192
192
192
192
192
192
200
200
200
200
200
198
198
198
198
198
203
203
203
203
203
203
191
191
191
191
191
189
189
189
189
189
186
186
186
186
186
186
185
185
185
185
185
180
180
180
180
180
180
180
180
180
180
180
181
181
181
181
181
177
177
177
177
177
180
180
180
180
180
180
182
182
182
182
182
184
184
184
184
184
187
187
187
187
187
187
184
184
184
184
184
191
191
191
191
191
185
185
185
185
185
185
184
184
184
184
184
187
187
187
187
187
193
193
193
193
193
193
190
190
190
190
190
199
199
199
199
199
208
208
208
208
208
208
209
209
209
209
209
217
217
217
217
217
213
213
213
213
213
213
208
208
208
208
208
208
208
208
208
208
207
207
207
207
207
207
201
201
201
201
201
210
210
210
210
210
198
198
198
198
198
198
194
194
194
194
194
188
188
188
188
188
192
192
192
192
192
192
194
194
194
194
194
189
189
189
189
189
196
196
196
196
196
196
189
189
189
189
189
198
198
198
198
198
201
201
201
201
201
201
198
198
198
198
198
196
196
196
196
196
198
198
198
198
198
198
189
189
189
189
189
184
184
184
184
184
176
176
176
176
176
176
176
176
176
176
176
178
178
178
178
178
175
175
175
175
175
175
178
178
178
178
178
181
181
181
181
181
178
178
178
178
178
178
179
179
179
179
179
185
185
185
185
185
190
190
190
190
190
190
191
191
191
191
191
187
187
187
187
187
186
186
186
186
186
186
188
188
188
188
188
184
184
184
184
184
182
182
182
182
182
182
184
184
184
184
184
177
177
177
177
177
181
181
181
181
181
181
188
188
188
188
188
187
187
187
187
187
192
192
192
192
192
192
194
194
194
194
194
205
205
205
205
205
206
206
206
206
206
206
199
199
199
199
199
200
200
200
200
200
192
192
192
192
192
192
198
198
198
198
198
192
192
192
192
192
188
188
188
188
188
188
191
191
191
191
191
188
188
188
188
188
190
190
190
190
190
190
194
194
194
194
194
189
189
189
189
189
195
195
195
195
195
195
185
185
185
185
185
190
190
190
190
190
193
193
193
193
193
193
187
187
187
187
187
189
189
189
189
189
187
187
187
187
187
187
186
186
186
186
186
188
188
188
188
188
191
191
191
191
191
191
189
189
189
189
189
193
193
193
193
193
196
196
196
196
196
196
192
192
192
192
192
194
194
194
194
194
184
184
184
184
184
184
181
181
181
181
181
185
185
185
185
185
186
186
186
186
186
186
183
183
183
183
183
185
185
185
185
185
188
188
188
188
188
188
187
187
187
187
187
195
195
195
195
195
197
197
197
197
197
197
193
193
193
193
193
197
197
197
197
197
186
186
186
186
186
186
185
185
185
185
185
195
195
195
195
195
190
190
190
190
190
190
182
182
182
182
182
192
192
192
192
192
190
190
190
190
190
190
191
191
191
191
191
193
193
193
193
193
198
198
198
198
198
198
195
195
195
195
195
199
199
199
199
199
196
196
196
196
196
196
188
188
188
188
188
192
192
192
192
192
194
194
194
194
194
194
192
192
192
192
192
192
192
192
192
192
192
192
192
192
192
192
187
187
187
187
187
193
193
193
193
193
198
198
198
198
198
198
200
200
200
200
200
204
204
204
204
204
207
207
207
207
207
207
198
198
198
198
198
203
203
203
203
203
199
199
199
199
199
199
202
202
202
202
202
196
196
196
196
196
200
200
200
200
200
200
198
198
198
198
198
199
199
199
199
199
204
204
204
204
204
204
199
199
199
199
199
200
200
200
200
200
197
197
197
197
197
197
197
197
197
197
197
199
199
199
199
199
192
192
192
192
192
192
190
190
190
190
190
195
195
195
195
195
199
199
199
199
199
199
195
195
195
195
195
198
198
198
198
198
203
203
203
203
203
203
214
214
214
214
214
214
214
214
214
214
211
211
211
211
211
211
211
211
211
211
211
198
198
198
198
198
199
199
199
199
199
199
196
196
196
196
196
195
195
195
195
195
191
191
191
191
191
191
197
197
197
197
197
197
197
197
197
197
200
200
200
200
200
200
200
200
200
200
200
206
206
206
206
206
206
206
206
206
206
206
208
208
208
208
208
207
207
207
207
207
198
198
198
198
198
198
193
193
193
193
193
196
196
196
196
196
197
197
197
197
197
197
200
200
200
200
200
201
201
201
201
201
195
195
195
195
195
195
205
205
205
205
205
202
202
202
202
202
207
207
207
207
207
207
204
204
204
204
204
206
206
206
206
206
208
208
208
208
208
208
200
200
200
200
200
204
204
204
204
204
204
204
204
204
204
204
198
198
198
198
198
195
195
195
195
195
201
201
201
201
201
201
198
198
198
198
198
204
204
204
204
204
202
202
202
202
202
202
216
216
216
216
216
207
207
207
207
207
212
212
212
212
212
212
208
208
208
208
208
209
209
209
209
209
201
201
201
201
201
201
199
199
199
199
199
203
203
203
203
203
206
206
206
206
206
206
202
202
202
202
202
207
207
207
207
207
217
217
217
217
217
217
215
215
215
215
215
227
227
227
227
227
227
227
227
227
227
227
222
222
222
222
222
218
218
218
218
218
214
214
214
214
214
214
215
215
215
215
215
213
213
213
213
213
214
214
214
214
214
214
207
207
207
207
207
208
208
208
208
208
218
218
218
218
218
218
215
215
215
215
215
223
223
223
223
223
228
228
228
228
228
228
217
217
217
217
217
217
217
217
217
217
218
218
218
218
218
218
218
218
218
218
218
218
218
218
218
218
200
200
200
200
200
200
210
210
210
210
210
202
202
202
202
202
206
206
206
206
206
206
208
208
208
208
208
203
203
203
203
203
203
203
203
203
203
203
210
210
210
210
210
200
200
200
200
200
212
212
212
212
212
212
210
210
210
210
210
210
210
210
210
210
218
218
218
218
218
218
209
209
209
209
209
223
223
223
223
223
218
218
218
218
218
218
217
217
217
217
217
214
214
214
214
214
211
211
211
211
211
211
211
211
211
211
211
208
208
208
208
208
214
214
214
214
214
214
213
213
213
213
213
206
206
206
206
206
206
206
206
206
206
206
205
205
205
205
205
203
203
203
203
203
212
212
212
212
212
212
211
211
211
211
211
219
219
219
219
219
228
228
228
228
228
228
230
230
230
230
230
226
226
226
226
226
226
226
226
226
226
226
220
220
220
220
220
210
210
210
210
210
212
212
212
212
212
212
208
208
208
208
208
214
214
214
214
214
208
208
208
208
208
208
213
213
213
213
213
220
220
220
220
220
212
212
212
212
212
212
225
225
225
225
225
220
220
220
220
220
224
224
224
224
224
224
229
229
229
229
229
210
210
210
210
210
221
221
221
221
221
221
209
209
209
209
209
213
213
213
213
213
201
201
201
201
201
201
206
206
206
206
206
206
206
206
206
206
208
208
208
208
208
208
202
202
202
202
202
203
203
203
203
203
208
208
208
208
208
208
209
209
209
209
209
219
219
219
219
219
224
224
224
224
224
224
225
225
225
225
225
226
226
226
226
226
212
212
212
212
212
212
210
210
210
210
210
211
211
211
211
211
205
205
205
205
205
205
207
207
207
207
207
206
206
206
206
206
211
211
211
211
211
211
213
213
213
213
213
210
210
210
210
210
208
208
208
208
208
208
199
199
199
199
199
203
203
203
203
203
214
214
214
214
214
214
206
206
206
206
206
214
214
214
214
214
199
199
199
199
199
199
202
202
202
202
202
202
202
202
202
202
202
202
202
202
202
202
208
208
208
208
208
204
204
204
204
204
209
209
209
209
209
209
212
212
212
212
212
215
215
215
215
215
210
210
210
210
210
210
219
219
219
219
219
216
216
216
216
216
211
211
211
211
211
211
210
210
210
210
210
209
209
209
209
209
205
205
205
205
205
205
203
203
203
203
203
214
214
214
214
214
207
207
207
207
207
207
212
212
212
212
212
212
212
212
212
212
215
215
215
215
215
215
217
217
217
217
217
207
207
207
207
207
216
216
216
216
216
216
212
212
212
212
212
212
212
212
212
212
210
210
210
210
210
210
204
204
204
204
204
201
201
201
201
201
205
205
205
205
205
205
196
196
196
196
196
197
197
197
197
197
198
198
198
198
198
198
196
196
196
196
196
201
201
201
201
201
205
205
205
205
205
205
199
199
199
199
199
198
198
198
198
198
199
199
199
199
199
199
197
197
197
197
197
203
203
203
203
203
198
198
198
198
198
198
202
202
202
202
202
202
202
202
202
202
194
194
194
194
194
194
203
203
203
203
203
206
206
206
206
206
201
201
201
201
201
201
205
205
205
205
205
202
202
202
202
202
193
193
193
193
193
193
206
206
206
206
206
200
200
200
200
200
200
200
200
200
200
200
196
196
196
196
196
189
189
189
189
189
198
198
198
198
198
198
203
203
203
203
203
198
198
198
198
198
204
204
204
204
204
204
204
204
204
204
204
204
204
204
204
204
195
195
195
195
195
195
198
198
198
198
198
201
201
201
201
201
207
207
207
207
207
207
206
206
206
206
206
200
200
200
200
200
198
198
198
198
198
198
199
199
199
199
199
199
199
199
199
199
201
201
201
201
201
201
205
205
205
205
205
200
200
200
200
200
202
202
202
202
202
202
200
200
200
200
200
200
200
200
200
200
209
209
209
209
209
209
200
200
200
200
200
200
200
200
200
200
195
195
195
195
195
195
193
193
193
193
193
193
193
193
193
193
193
193
193
193
193
193
187
187
187
187
187
194
194
194
194
194
195
195
195
195
195
195
198
198
198
198
198
196
196
196
196
196
196
196
196
196
196
196
198
198
198
198
198
199
199
199
199
199
205
205
205
205
205
205
205
205
205
205
205
201
201
201
201
201
201
201
201
201
201
201
203
203
203
203
203
200
200
200
200
200
193
193
193
193
193
193
194
194
194
194
194
195
195
195
195
195
194
194
194
194
194
194
195
195
195
195
195
201
201
201
201
201
200
200
200
200
200
200
199
199
199
199
199
194
194
194
194
194
189
189
189
189
189
189
193
193
193
193
193
199
199
199
199
199
195
195
195
195
195
195
208
208
208
208
208
208
208
208
208
208
198
198
198
198
198
198
205
205
205
205
205
209
209
209
209
209
203
203
203
203
203
203
200
200
200
200
200
199
199
199
199
199
198
198
198
198
198
198
202
202
202
202
202
198
198
198
198
198
203
203
203
203
203
203
203
203
203
203
203
202
202
202
202
202
202
202
202
202
202
202
211
211
211
211
211
210
210
210
210
210
216
216
216
216
216
216
211
211
211
211
211
210
210
210
210
210
205
205
205
205
205
205
204
204
204
204
204
211
211
211
211
211
205
205
205
205
205
205
204
204
204
204
204
201
201
201
201
201
204
204
204
204
204
204
211
211
211
211
211
198
198
198
198
198
195
195
195
195
195
195
209
209
209
209
209
203
203
203
203
203
205
205
205
205
205
205
204
204
204
204
204
199
199
199
199
199
207
207
207
207
207
207
199
199
199
199
199
206
206
206
206
206
205
205
205
205
205
205
208
208
208
208
208
208
208
208
208
208
213
213
213
213
213
213
211
211
211
211
211
209
209
209
209
209
209
209
209
209
209
209
208
208
208
208
208
202
202
202
202
202
209
209
209
209
209
209
204
204
204
204
204
201
201
201
201
201
211
211
211
211
211
211
206
206
206
206
206
217
217
217
217
217
216
216
216
216
216
216
219
219
219
219
219
221
221
221
221
221
228
228
228
228
228
228
216
216
216
216
216
205
205
205
205
205
209
209
209
209
209
209
215
215
215
215
215
215
215
215
215
215
217
217
217
217
217
217
206
206
206
206
206
205
205
205
205
205
203
203
203
203
203
203
217
217
217
217
217
215
215
215
215
215
209
209
209
209
209
209
205
205
205
205
205
213
213
213
213
213
211
211
211
211
211
211
215
215
215
215
215
215
215
215
215
215
217
217
217
217
217
217
212
212
212
212
212
207
207
207
207
207
217
217
217
217
217
217
205
205
205
205
205
208
208
208
208
208
209
209
209
209
209
209
211
211
211
211
211
201
201
201
201
201
206
206
206
206
206
206
211
211
211
211
211
213
213
213
213
213
214
214
214
214
214
214
201
201
201
201
201
205
205
205
205
205
214
214
214
214
214
214
205
205
205
205
205
211
211
211
211
211
202
202
202
202
202
202
208
208
208
208
208
209
209
209
209
209
202
202
202
202
202
202
216
216
216
216
216
211
211
211
211
211
211
211
211
211
211
211
209
209
209
209
209
209
209
209
209
209
203
203
203
203
203
203
204
204
204
204
204
206
206
206
206
206
202
202
202
202
202
202
207
207
207
207
207
208
208
208
208
208
200
200
200
200
200
200
202
202
202
202
202
204
204
204
204
204
199
199
199
199
199
199
201
201
201
201
201
197
197
197
197
197
202
202
202
202
202
202
205
205
205
205
205
207
207
207
207
207
205
205
205
205
205
205
212
212
212
212
212
209
209
209
209
209
214
214
214
214
214
214
214
214
214
214
214
203
203
203
203
203
209
209
209
209
209
209
207
207
207
207
207
215
215
215
215
215
202
202
202
202
202
202
205
205
205
205
205
200
200
200
200
200
200
200
200
200
200
200
202
202
202
202
202
204
204
204
204
204
201
201
201
201
201
201
201
201
201
201
201
212
212
212
212
212
204
204
204
204
204
204
217
217
217
217
217
216
216
216
216
216
216
216
216
216
216
216
221
221
221
221
221
222
222
222
222
222
215
215
215
215
215
215
218
218
218
218
218
211
211
211
211
211
210
210
210
210
210
210
213
213
213
213
213
211
211
211
211
211
206
206
206
206
206
206
197
197
197
197
197
199
199
199
199
199
199
199
199
199
199
199
199
199
199
199
199
199
199
199
199
199
206
206
206
206
206
206
209
209
209
209
209
203
203
203
203
203
202
202
202
202
202
202
210
210
210
210
210
211
211
211
211
211
210
210
210
210
210
210
205
205
205
205
205
208
208
208
208
208
208
208
208
208
208
208
201
201
201
201
201
196
196
196
196
196
202
202
202
202
202
202
201
201
201
201
201
202
202
202
202
202
202
202
202
202
202
202
206
206
206
206
206
202
202
202
202
202
202
202
202
202
202
202
205
205
205
205
205
203
203
203
203
203
200
200
200
200
200
200
198
198
198
198
198
201
201
201
201
201
204
204
204
204
204