202
202
202
200
200
200
200
200
198
198
198
198
198
197
197
197
197
197
197
207
207
207
207
207
197
197
197
197
197
207
207
207
207
207
207
202
202
202
202
202
199
199
199
199
199
202
202
202
202
202
202
199
199
199
199
199
194
194
194
194
194
199
199
199
199
199
199
197
197
197
197
197
201
201
201
201
201
206
206
206
206
206
206
200
200
200
200
200
200
200
200
200
200
207
207
207
207
207
207
198
198
198
198
198
194
194
194
194
194
202
202
202
202
202
202
203
203
203
203
203
198
198
198
198
198
200
200
200
200
200
200
201
201
201
201
201
197
197
197
197
197
196
196
196
196
196
196
201
201
201
201
201
199
199
199
199
199
198
198
198
198
198
198
192
192
192
192
192
197
197
197
197
197
200
200
200
200
200
200
200
200
200
200
200
205
205
205
205
205
204
204
204
204
204
204
204
204
204
204
204
195
195
195
195
195
194
194
194
194
194
194
201
201
201
201
201
199
199
199
199
199
195
195
195
195
195
195
211
211
211
211
211
190
190
190
190
190
204
204
204
204
204
204
193
193
193
193
193
198
198
198
198
198
197
197
197
197
197
197
196
196
196
196
196
203
203
203
203
203
195
195
195
195
195
195
197
197
197
197
197
199
199
199
199
199
194
194
194
194
194
194
194
194
194
194
194
190
190
190
190
190
199
199
199
199
199
199
188
188
188
188
188
190
190
190
190
190
192
192
192
192
192
192
192
192
192
192
192
188
188
188
188
188
197
197
197
197
197
197
197
197
197
197
197
195
195
195
195
195
196
196
196
196
196
196
194
194
194
194
194
192
192
192
192
192
185
185
185
185
185
185
193
193
193
193
193
189
189
189
189
189
189
189
189
189
189
189
191
191
191
191
191
188
188
188
188
188
191
191
191
191
191
191
187
187
187
187
187
183
183
183
183
183
182
182
182
182
182
182
183
183
183
183
183
186
186
186
186
186
187
187
187
187
187
187
181
181
181
181
181
177
177
177
177
177
190
190
190
190
190
190
180
180
180
180
180
191
191
191
191
191
189
189
189
189
189
189
191
191
191
191
191
189
189
189
189
189
190
190
190
190
190
190
186
186
186
186
186
190
190
190
190
190
185
185
185
185
185
185
193
193
193
193
193
189
189
189
189
189
180
180
180
180
180
180
179
179
179
179
179
186
186
186
186
186
183
183
183
183
183
183
181
181
181
181
181
185
185
185
185
185
181
181
181
181
181
181
187
187
187
187
187
177
177
177
177
177
182
182
182
182
182
182
174
174
174
174
174
183
183
183
183
183
177
177
177
177
177
177
174
174
174
174
174
178
178
178
178
178
178
178
178
178
178
178
178
178
178
178
178
178
178
178
178
178
183
183
183
183
183
183
180
180
180
180
180
182
182
182
182
182
181
181
181
181
181
181
175
175
175
175
175
181
181
181
181
181
179
179
179
179
179
179
182
182
182
182
182
181
181
181
181
181
179
179
179
179
179
179
178
178
178
178
178
178
178
178
178
178
181
181
181
181
181
181
181
181
181
181
181
182
182
182
182
182
178
178
178
178
178
178
180
180
180
180
180
181
181
181
181
181
175
175
175
175
175
175
183
183
183
183
183
178
178
178
178
178
174
174
174
174
174
174
181
181
181
181
181
180
180
180
180
180
178
178
178
178
178
178
177
177
177
177
177
174
174
174
174
174
178
178
178
178
178
178
178
178
178
178
178
179
179
179
179
179
187
187
187
187
187
187
172
172
172
172
172
180
180
180
180
180
180
180
180
180
180
180
186
186
186
186
186
186
186
186
186
186
187
187
187
187
187
187
182
182
182
182
182
188
188
188
188
188
187
187
187
187
187
187
197
197
197
197
197
196
196
196
196
196
195
195
195
195
195
195
199
199
199
199
199
196
196
196
196
196
200
200
200
200
200
200
198
198
198
198
198
201
201
201
201
201
204
204
204
204
204
204
212
212
212
212
212
206
206
206
206
206
213
213
213
213
213
213
215
215
215
215
215
231
231
231
231
231
235
235
235
235
235
235
230
230
230
230
230
243
243
243
243
243
260
260
260
260
260
260
285
285
285
285
285
348
348
348
348
348
542
542
542
542
542
542
996
996
996
996
996
1562
1562
1562
1562
1562
2225
2225
2225
2225
2225
2225
2793
2793
2793
2793
2793
3202
3202
3202
3202
3202
3360
3360
3360
3360
3360
3360
3344
3344
3344
3344
3344
2937
2937
2937
2937
2937
2386
2386
2386
2386
2386
2386
1652
1652
1652
1652
1652
900
900
900
900
900
399
399
399
399
399
399
271
271
271
271
271
238
238
238
238
238
220
220
220
220
220
220
235
235
235
235
235
254
254
254
254
254
295
295
295
295
295
295
437
437
437
437
437
816
816
816
816
816
1301
1301
1301
1301
1301
1301
1679
1679
1679
1679
1679
1890
1890
1890
1890
1890
1903
1903
1903
1903
1903
1903
1777
1777
1777
1777
1777
1485
1485
1485
1485
1485
1186
1186
1186
1186
1186
1186
914
914
914
914
914
773
773
773
773
773
754
754
754
754
754
754
878
878
878
878
878
1217
1217
1217
1217
1217
1763
1763
1763
1763
1763
1763
2439
2439
2439
2439
2439
3131
3131
3131
3131
3131
3810
3810
3810
3810
3810
3810
4095
4095
4095
4095
4095
4095
4095
4095
4095
4095
4095
4095
4095
4095
4095
4095
4095
4095
4095
4095
4095
4083
4083
4083
4083
4083
3605
3605
3605
3605
3605
3605
2979
2979
2979
2979
2979
2343
2343
2343
2343
2343
1735
1735
1735
1735
1735
1735
1258
1258
1258
1258
1258
871
871
871
871
871
593
593
593
593
593
593
481
481
481
481
481
408
408
408
408
408
371
371
371
371
371
371
331
331
331
331
331
327
327
327
327
327
302
302
302
302
302
302
301
301
301
301
301
281
281
281
281
281
276
276
276
276
276
276
267
267
267
267
267
271
271
271
271
271
264
264
264
264
264
264
265
265
265
265
265
249
249
249
249
249
251
251
251
251
251
251
241
241
241
241
241
231
231
231
231
231
235
235
235
235
235
235
226
226
226
226
226
225
225
225
225
225
223
223
223
223
223
223
217
217
217
217
217
216
216
216
216
216
216
216
216
216
216
216
207
207
207
207
207
205
205
205
205
205
199
199
199
199
199
199
201
201
201
201
201
204
204
204
204
204
200
200
200
200
200
200
197
197
197
197
197
202
202
202
202
202
201
201
201
201
201
201
206
206
206
206
206
215
215
215
215
215
221
221
221
221
221
221
213
213
213
213
213
226
226
226
226
226
218
218
218
218
218
218
211
211
211
211
211
210
210
210
210
210
207
207
207
207
207
207
202
202
202
202
202
200
200
200
200
200
192
192
192
192
192
192
185
185
185
185
185
189
189
189
189
189
181
181
181
181
181
181
177
177
177
177
177
177
177
177
177
177
169
169
169
169
169
169
177
177
177
177
177
182
182
182
182
182
188
188
188
188
188
188
184
184
184
184
184
186
186
186
186
186
186
186
186
186
186
186
181
181
181
181
181
183
183
183
183
183
182
182
182
182
182
182
184
184
184
184
184
182
182
182
182
182
178
178
178
178
178
178
172
172
172
172
172
178
178
178
178
178
176
176
176
176
176
176
171
171
171
171
171
177
177
177
177
177
177
177
177
177
177
177
177
177
177
177
177
178
178
178
178
178
178
178
178
178
178
178
182
182
182
182
182
178
178
178
178
178
181
181
181
181
181
181
178
178
178
178
178
172
172
172
172
172
174
174
174
174
174
174
174
174
174
174
174
173
173
173
173
173
171
171
171
171
171
171
173
173
173
173
173
171
171
171
171
171
174
174
174
174
174
174
171
171
171
171
171
172
172
172
172
172
174
174
174
174
174
174
174
174
174
174
174
172
172
172
172
172
174
174
174
174
174
174
183
183
183
183
183
183
183
183
183
183
179
179
179
179
179
179
178
178
178
178
178
181
181
181
181
181
180
180
180
180
180
180
181
181
181
181
181
181
181
181
181
181
178
178
178
178
178
178
179
179
179
179
179
180
180
180
180
180
179
179
179
179
179
179
176
176
176
176
176
182
182
182
182
182
181
181
181
181
181
181
184
184
184
184
184
184
184
184
184
184
181
181
181
181
181
181
177
177
177
177
177
182
182
182
182
182
186
186
186
186
186
186
189
189
189
189
189
182
182
182
182
182
183
183
183
183
183
183
186
186
186
186
186
183
183
183
183
183
185
185
185
185
185
185
185
185
185
185
185
188
188
188
188
188
184
184
184
184
184
184
186
186
186
186
186
182
182
182
182
182
193
193
193
193
193
193
188
188
188
188
188
193
193
193
193
193
189
189
189
189
189
189
185
185
185
185
185
187
187
187
187
187
192
192
192
192
192
192
188
188
188
188
188
191
191
191
191
191
190
190
190
190
190
190
190
190
190
190
190
184
184
184
184
184
189
189
189
189
189
189
185
185
185
185
185
188
188
188
188
188
179
179
179
179
179
179
190
190
190
190
190
189
189
189
189
189
180
180
180
180
180
180
182
182
182
182
182
187
187
187
187
187
194
194
194
194
194
194
186
186
186
186
186
194
194
194
194
194
193
193
193
193
193
193
198
198
198
198
198
197
197
197
197
197
193
193
193
193
193
193
192
192
192
192
192
195
195
195
195
195
196
196
196
196
196
196
194
194
194
194
194
194
194
194
194
194
194
194
194
194
194
194
201
201
201
201
201
192
192
192
192
192
198
198
198
198
198
198
205
205
205
205
205
206
206
206
206
206
205
205
205
205
205
205
211
211
211
211
211
210
210
210
210
210
210
210
210
210
210
210
205
205
205
205
205
215
215
215
215
215
212
212
212
212
212
212
203
203
203
203
203
202
202
202
202
202
206
206
206
206
206
206
206
206
206
206
206
211
211
211
211
211
211
211
211
211
211
211
215
215
215
215
215
214
214
214
214
214
217
217
217
217
217
217
228
228
228
228
228
226
226
226
226
226
223
223
223
223
223
223
217
217
217
217
217
225
225
225
225
225
214
214
214
214
214
214
223
223
223
223
223
220
220
220
220
220
219
219
219
219
219
219
216
216
216
216
216
210
210
210
210
210
216
216
216
216
216
216
207
207
207
207
207
210
210
210
210
210
217
217
217
217
217
217
211
211
211
211
211
215
215
215
215
215
215
215
215
215
215
215
219
219
219
219
219
219
219
219
219
219
215
215
215
215
215
215
218
218
218
218
218
212
212
212
212
212
216
216
216
216
216
216
215
215
215
215
215
210
210
210
210
210
222
222
222
222
222
222
214
214
214
214
214
221
221
221
221
221
208
208
208
208
208
208
215
215
215
215
215
216
216
216
216
216
216
216
216
216
216
216
223
223
223
223
223
214
214
214
214
214
215
215
215
215
215
215
214
214
214
214
214
211
211
211
211
211
214
214
214
214
214
214
216
216
216
216
216
214
214
214
214
214
221
221
221
221
221
221
212
212
212
212
212
210
210
210
210
210
212
212
212
212
212
212
210
210
210
210
210
210
210
210
210
210
203
203
203
203
203
203
205
205
205
205
205
204
204
204
204
204
204
204
204
204
204
204
202
202
202
202
202
206
206
206
206
206
212
212
212
212
212
212
200
200
200
200
200
207
207
207
207
207
213
213
213
213
213
213
204
204
204
204
204
217
217
217
217
217
207
207
207
207
207
207
215
215
215
215
215
207
207
207
207
207
206
206
206
206
206
206
204
204
204
204
204
209
209
209
209
209
203
203
203
203
203
203
199
199
199
199
199
197
197
197
197
197
196
196
196
196
196
196
201
201
201
201
201
200
200
200
200
200
198
198
198
198
198
198
200
200
200
200
200
197
197
197
197
197
202
202
202
202
202
202
201
201
201
201
201
201
201
201
201
201
196
196
196
196
196
196
201
201
201
201
201
201
201
201
201
201
204
204
204
204
204
204
209
209
209
209
209
199
199
199
199
199
202
202
202
202
202
202
208
208
208
208
208
204
204
204
204
204
207
207
207
207
207
207
200
200
200
200
200
199
199
199
199
199
204
204
204
204
204
204
196
196
196
196
196
200
200
200
200
200
200
200
200
200
200
200
199
199
199
199
199
200
200
200
200
200
201
201
201
201
201
201
207
207
207
207
207
203
203
203
203
203
212
212
212
212
212
212
207
207
207
207
207
204
204
204
204
204
202
202
202
202
202
202
203
203
203
203
203
199
199
199
199
199
193
193
193
193
193
193
199
199
199
199
199
198
198
198
198
198
198
198
198
198
198
198
204
204
204
204
204
201
201
201
201
201
213
213
213
213
213
213
210
210
210
210
210
208
208
208
208
208
207
207
207
207
207
207
212
212
212
212
212
199
199
199
199
199
201
201
201
201
201
201
204
204
204
204
204
198
198
198
198
198
204
204
204
204
204
204
199
199
199
199
199
199
199
199
199
199
206
206
206
206
206
206
201
201
201
201
201
203
203
203
203
203
206
206
206
206
206
206
203
203
203
203
203
204
204
204
204
204
203
203
203
203
203
203
206
206
206
206
206
201
201
201
201
201
202
202
202
202
202
202
204
204
204
204
204
199
199
199
199
199
205
205
205
205
205
205
201
201
201
201
201
203
203
203
203
203
199
199
199
199
199
199
201
201
201
201
201
204
204
204
204
204
199
199
199
199
199
199
196
196
196
196
196
198
198
198
198
198
196
196
196
196
196
196
195
195
195
195
195
199
199
199
199
199
192
192
192
192
192
192
200
200
200
200
200
200
200
200
200
200
199
199
199
199
199
199
207
207
207
207
207
207
207
207
207
207
211
211
211
211
211
211
212
212
212
212
212
206
206
206
206
206
208
208
208
208
208
208
209
209
209
209
209
204
204
204
204
204
200
200
200
200
200
200
201
201
201
201
201
207
207
207
207
207
204
204
204
204
204
204
214
214
214
214
214
210
210
210
210
210
221
221
221
221
221
221
218
218
218
218
218
215
215
215
215
215
221
221
221
221
221
221
212
212
212
212
212
212
212
212
212
212
219
219
219
219
219
219
207
207
207
207
207
211
211
211
211
211
210
210
210
210
210
210
207
207
207
207
207
201
201
201
201
201
209
209
209
209
209
209
213
213
213
213
213
212
212
212
212
212
214
214
214
214
214
214
219
219
219
219
219
218
218
218
218
218
209
209
209
209
209
209
226
226
226
226
226
227
227
227
227
227
232
232
232
232
232
232
232
232
232
232
232
229
229
229
229
229
228
228
228
228
228
228
224
224
224
224
224
224
224
224
224
224
221
221
221
221
221
221
225
225
225
225
225
215
215
215
215
215
220
220
220
220
220
220
216
216
216
216
216
238
238
238
238
238
223
223
223
223
223
223
232
232
232
232
232
231
231
231
231
231
223
223
223
223
223
223
227
227
227
227
227
224
224
224
224
224
225
225
225
225
225
225
225
225
225
225
225
226
226
226
226
226
227
227
227
227
227
227
222
222
222
222
222
220
220
220
220
220
214
214
214
214
214
214
216
216
216
216
216
217
217
217
217
217
215
215
215
215
215
215
210
210
210
210
210
212
212
212
212
212
211
211
211
211
211
211
218
218
218
218
218
219
219
219
219
219
221
221
221
221
221
221
233
233
233
233
233
229
229
229
229
229
240
240
240
240
240
240
240
240
240
240
240
232
232
232
232
232
229
229
229
229
229
229
231
231
231
231
231
226
226
226
226
226
226
226
226
226
226
226
220
220
220
220
220
214
214
214
214
214
215
215
215
215
215
215
211
211
211
211
211
212
212
212
212
212
219
219
219
219
219
219
208
208
208
208
208
216
216
216
216
216
206
206
206
206
206
206
212
212
212
212
212
212
212
212
212
212
203
203
203
203
203
203
203
203
203
203
203
209
209
209
209
209
208
208
208
208
208
208
211
211
211
211
211
219
219
219
219
219
204
204
204
204
204
204
210
210
210
210
210
205
205
205
205
205
210
210
210
210
210
210
214
214
214
214
214
201
201
201
201
201
217
217
217
217
217
217
201
201
201
201
201
208
208
208
208
208
203
203
203
203
203
203
208
208
208
208
208
199
199
199
199
199
204
204
204
204
204
204
206
206
206
206
206
211
211
211
211
211
191
191
191
191
191
191
211
211
211
211
211
206
206
206
206
206
204
204
204
204
204
204
196
196
196
196
196
198
198
198
198
198
205
205
205
205
205
205
207
207
207
207
207
201
201
201
201
201
195
195
195
195
195
195
196
196
196
196
196
196
196
196
196
196
190
190
190
190
190
190
199
199
199
199
199
190
190
190
190
190
192
192
192
192
192
192
196
196
196
196
196
193
193
193
193
193
187
187
187
187
187
187
185
185
185
185
185
191
191
191
191
191
192
192
192
192
192
192
198
198
198
198
198
188
188
188
188
188
198
198
198
198
198
198
199
199
199
199
199
191
191
191
191
191
194
194
194
194
194
194
199
199
199
199
199
199
199
199
199
199
198
198
198
198
198
198
195
195
195
195
195
195
195
195
195
195
194
194
194
194
194
194
197
197
197
197
197
191
191
191
191
191
198
198
198
198
198
198
193
193
193
193
193
189
189
189
189
189
198
198
198
198
198
198
198
198
198
198
198
198
198
198
198
198
197
197
197
197
197
197
196
196
196
196
196
196
196
196
196
196
194
194
194
194
194
194
195
195
195
195
195
201
201
201
201
201
193
193
193
193
193
193
192
192
192
192
192
198
198
198
198
198
191
191
191
191
191
191
194
194
194
194
194
193
193
193
193
193
193
193
193
193
193
193
197
197
197
197
197
186
186
186
186
186
193
193
193
193
193
193
200
200
200
200
200
195
195
195
195
195
195
195
195
195
195
195
198
198
198
198
198
198
198
198
198
198
203
203
203
203
203
203
199
199
199
199
199
196
196
196
196
196
196
196
196
196
196
196
198
198
198
198
198
202
202
202
202
202
200
200
200
200
200
200
208
208
208
208
208
205
205
205
205
205
209
209
209
209
209
209
216
216
216
216
216
204
204
204
204
204
207
207
207
207
207
207
217
217
217
217
217
208
208
208
208
208
207
207
207
207
207
207
205
205
205
205
205
209
209
209
209
209
207
207
207
207
207
207
213
213
213
213
213
207
207
207
207
207
212
212
212
212
212
212
205
205
205
205
205
215
215
215
215
215
210
210
210
210
210
210
215
215
215
215
215
216
216
216
216
216
210
210
210
210
210
210
212
212
212
212
212
208
208
208
208
208
213
213
213
213
213
213
210
210
210
210
210
206
206
206
206
206
208
208
208
208
208
208
202
202
202
202
202
201
201
201
201
201
201
201
201
201
201
201
205
205
205
205
205
205
205
205
205
205
201
201
201
201
201
201
204
204
204
204
204
199
199
199
199
199
212
212
212
212
212
212
211
211
211
211
211
215
215
215
215
215
199
199
199
199
199
199
215
215
215
215
215
223
223
223
223
223
218
218
218
218
218
218
225
225
225
225
225
213
213
213
213
213
218
218
218
218
218
218
211
211
211
211
211
215
215
215
215
215
211
211
211
211
211
211
218
218
218
218
218
211
211
211
211
211
217
217
217
217
217
217
220
220
220
220
220
216
216
216
216
216
215
215
215
215
215
215
219
219
219
219
219
215
215
215
215
215
213
213
213
213
213
213
206
206
206
206
206
206
206
206
206
206
206
206
206
206
206
206
202
202
202
202
202
202
202
202
202
202
203
203
203
203
203
203
203
203
203
203
203
206
206
206
206
206
206
206
206
206
206
206
210
210
210
210
210
210
210
210
210
210
210
210
210
210
210
210
205
205
205
205
205
206
206
206
206
206
203
203
203
203
203
203
204
204
204
204
204
205
205
205
205
205
200
200
200
200
200
200
204
204
204
204
204
203
203
203
203
203
200
200
200
200
200
200
205
205
205
205
205
207
207
207
207
207
209
209
209
209
209
209
206
206
206
206
206
206
206
206
206
206
211
211
211
211
211
211
209
209
209
209
209
208
208
208
208
208
209
209
209
209
209
209
212
212
212
212
212
205
205
205
205
205
211
211
211
211
211
211
212
212
212
212
212
206
206
206
206
206
210
210
210
210
210
210
210
210
210
210
210
204
204
204
204
204
208
208
208
208
208
208
205
205
205
205
205
208
208
208
208
208
203
203
203
203
203
203
203
203
203
203
203
197
197
197
197
197
207
207
207
207
207
207
196
196
196
196
196
194
194
194
194
194
204
204
204
204
204
204
207
207
207
207
207
207
207
207
207
207
206
206
206
206
206
206
207
207
207
207
207
207
207
207
207
207
211
211
211
211
211
211
202
202
202
202
202
205
205
205
205
205
196
196
196
196
196
196
202
202
202
202
202
196
196
196
196
196
195
195
195
195
195
195
200
200
200
200
200
191
191
191
191
191
203
203
203
203
203
203
196
196
196
196
196
200
200
200
200
200
196
196
196
196
196
196
203
203
203
203
203
200
200
200
200
200
199
199
199
199
199
199
208
208
208
208
208
208
208
208
208
208
210
210
210
210
210
210
196
196
196
196
196
213
213
213
213
213
208
208
208
208
208
208
201
201
201
201
201
199
199
199
199
199
215
215
215
215
215
215
196
196
196
196
196
205
205
205
205
205
205
205
205
205
205
205
199
199
199
199
199
197
197
197
197
197
208
208
208
208
208
208
203
203
203
203
203
206
206
206
206
206
208
208
208
208
208
208
210
210
210
210
210
201
201
201
201
201
210
210
210
210
210
210
210
210
210
210
210
210
210
210
210
210
199
199
199
199
199
199
207
207
207
207
207
207
207
207
207
207
206
206
206
206
206
206
201
201
201
201
201
204
204
204
204
204
200
200
200
200
200
200
204
204
204
204
204
207
207
207
207
207
204
204
204
204
204
204
201
201
201
201
201
206
206
206
206
206
202
202
202
202
202
202
208
208
208
208
208
202
202
202
202
202
204
204
204
204
204
204
212
212
212
212
212
206
206
206
206
206
206
206
206
206
206
206
211
211
211
211
211
210
210
210
210
210
209
209
209
209
209
209
207
207
207
207
207
213
213
213
213
213
212
212
212
212
212
212
216
216
216
216
216
217
217
217
217
217
208
208
208
208
208
208
212
212
212
212
212
210
210
210
210
210
205
205
205
205
205
205
212
212
212
212
212
201
201
201
201
201
203
203
203
203
203
203
204
204
204
204
204
211
211
211
211
211
203
203
203
203
203
203
204
204
204
204
204
210
210
210
210
210
211
211
211
211
211
211
212
212
212
212
212
210
210
210
210
210
211
211
211
211
211
211
213
213
213
213
213
215
215
215
215
215
210
210
210
210
210
210
209
209
209
209
209
213
213
213
213
213
214
214
214
214
214
214
214
214
214
214
214
208
208
208
208
208
205
205
205
205
205
205
207
207
207
207
207
202
202
202
202
202
207
207
207
207
207
207
212
212
212
212
212
208
208
208
208
208
207
207
207
207
207
207
213
213
213
213